0.48702646024524576
0.5102832129564231
0.524284904645867
0.5375517033883729
0.5006545108258542
0.5044068433503267
0.5297503576839021
0.5234368792562049
0.5185122023087142
0.5249010813049589
0.524039361523226
0.5360200712936071
0.5105651576719866
0.5270884380556226
0.5451757523100723
0.5340305973816399
0.5647391311594023
0.5684613400750391
0.5708617155499786
0.558643170093312
0.5210351895046303
0.529047732080419
0.532608355247831
0.5473674314065379
0.5384919158372815
0.5440099622361901
0.5574298676005565
0.5445891775672335
0.5748596697213271
0.525663128068154
0.5510834616597359
0.5357715918637234
0.5092079075247761
0.5237944138313053
0.534945944332165
0.5329722225004808
0.5436953192966496
0.5563279937630092
0.5662422285989063
0.560141200824497
0.5630588030506196
0.5667325227848046
0.5664909464292875
0.5754976780398638
0.5843006774445652
0.5781239151467783
0.5799177571838677
0.5991970042938143
0.6027325840783421
0.5951161101047064
0.6130996609337113
0.6160955416485906
0.6283150770243222
0.6069371549722445
0.6014957164897481
0.607001869075081
0.5658823124211803
0.5739615298332371
0.5842266342931636
0.5892040573591114
0.5910455544016144
0.5934606476247192
0.6040397210831785
0.6089897055634769
0.5631453955221327
0.5775128567783067
0.5846106158319518
0.5643871020325812
0.5687393273056612
0.5578479948060722
0.5911962961433991
0.5955754378874943
0.5830313268689155
0.5758370060375377
0.5723846674110303
0.5702936567328097
0.5578203652006792
0.5408006399459391
0.533631176171443
0.5357685694749635
0.5415599935169936
0.5471107991458581
0.553306343293851
0.5504992235687817
0.5601113256504741
0.5510291471352294
0.5196540476777629
0.5134904496913912
0.5216268729921031
0.5168830359504698
0.5255567481692155
0.5571250744648482
0.5653350477667904
0.5732995811541249
0.5856347665214305
0.5619965056972663
0.544248313278486
0.560756431200353
0.5731330836491461
0.5625115306847833
0.5670563537077581
0.575134034960718
0.5831496643400507
0.5911011467696805
0.5837757559858564
0.5486846751984537
0.5319139080902604
0.533302620268538
0.5234182758623849
0.5309063635316468
0.5552006406597433
0.5685126534291989
0.5610019398686859
0.5680871985560934
0.5743300960707851
0.5741355770812924
0.5777283048412553
0.5601514527990774
0.5814451553352922
0.5624933723549024
0.5685502824482577
0.5565923988228956
0.5508978053998095
0.5561652751918186
0.5495578425534329
0.5377458271144988
0.5585987982107202
0.5654215755227608
0.5696306599422448
0.5657606347852754
0.5754295127662902
0.5632731737948053
0.582910821475812
0.5855570050188451
0.6042991227350908
0.5956063878455053
0.5978699620705775
0.5902573950944395
0.5975744309267732
0.5894854083115378
0.5968774387107655
0.6070066138144469
0.6082978913120962
0.6152029097697594
0.5910569747125421
0.599863327246792
0.597279114287139
0.6049007754055981
0.6045150675979174
0.6220029638835858
0.6158194545683121
0.6224917530567797
0.5892732985680404
0.592174856065422
0.6000998247598179
0.5572485926347585
0.5549344263408234
0.5546159331583475
0.5498410493538992
0.5667541773983149
0.5720830895951218
0.5651194763655505
0.5737816328715605
0.5843921828572568
0.5471848195864971
0.5491105052446003
0.5514071080087162
0.551025392304926
0.560263396703843
0.5679233003745978
0.5756477772523511
0.5519059250848203
0.5437796686682486
0.49427487028699624
0.526601280816701
0.5373702743800253
0.5324302097321713
0.5395364763385351
0.5625024105849092
0.5713952692899771
0.5390183157772123
0.5538095706739106
0.5637775491923437
0.5746325098146855
0.5850107618350335
0.5853453512744274
0.5853477795932557
0.5951723963063417
0.5772072544967263
0.565450622191863
0.5560506658713058
0.5483853535217027
0.520597601361311
0.5357055592236715
0.5454114076583347
0.5377451431475789
0.5361435233840649
0.5448665691370954
0.5337513977622881
0.5334565140084739
0.5435605979308168
0.5381907096896476
0.546795448787383
0.5557535491064273
0.539165572012205
0.5470815832812735
0.5539305346348654
0.5658519729129774
0.5594312841251075
0.5681506951673416
0.5706066450392484
0.5799269660426644
0.5551555077889159
0.5732575452160675
0.5804472017887806
0.5956013985553436
0.5903382487095767
0.6037485228707595
0.5831898399701027
0.591157663361161
0.583660472239987
0.5845081876657652
0.5798502595053737
0.5854482626643265
0.5909843546435806
0.5847961559707792
0.5840548590947897
0.5898417569740905
0.5589896563995377
0.5824813475071198
0.5461747249343493
0.532732098527882
0.5240454200708728
0.5318823956532103
0.5270579773436347
0.5197642460066884
0.5281809049842173
0.5391588572390152
0.5513240591840852
0.5258227103515891
0.5373765686065209
0.5344863410233748
0.5346467248839798
0.5332644479606683
0.5174273599667644
0.5242705615288438
0.5104080982146285
0.5339026260916607
0.5402683896190086
0.5156394350924273
0.5010333201777325
0.5219023232637697
0.537656459083093
0.5201484001952926
0.5233302560875738
0.5333401415035361
0.5409464994189482
0.5486499072838175
0.5561326243917215
0.540722609322176
0.4945512293989259
0.4964337880318027
0.5237130791334306
0.5300279144060123
0.5173362364503752
0.5407397259322448
0.5483765844127723
0.5384163804034027
0.5326744854957078
0.537713094870235
0.5327653758690624
0.5331265421932248
0.5422473874186832
0.5416699834426176
0.5713869596092789
0.5775607126837486
0.5751459288012751
0.5780679526422111
0.5719923601594333
0.5597903345680467
0.5511129751205209
0.5527424808090369
0.5721277931794629
0.5513388271298553
0.559490103159349
0.5724069022402966
0.5817404242861901
0.5870168147819743
0.5805370148985227
0.5733654310746445
0.585875437319838
0.5804477689285824
0.5503755660512322
0.5504598543266402
0.5651146329514188
0.5496630779199854
0.5352981835430769
0.5437536179541629
0.5521494553771031
0.5391646419429122
0.5205689096575793
0.5307419838052037
0.5384340529103507
0.5461026204041983
0.5542810599425503
0.559879659128612
0.5443838293828911
0.5422514684337669
0.5464481617890521
0.5537886052832274
0.5212135995606533
0.5314003983226367
0.5394910800143122
0.5474129980181824
0.5551941072184939
0.5629880337823365
0.5604701145729754
0.5702443954001296
0.5654387591878788
0.5692986374096107
0.5539077105819395
0.5645799965534699
0.5357657708636658
0.5297581669744587
0.5435074517095574
0.5452383235298274
0.5514067450535488
0.5728919862187816
0.5797809953929492
0.5885392024220295
0.5598763854080165
0.5676747634901258
0.553138154861628
0.5599783700971085
0.5666129970045888
0.5730448239381134
0.578253111338259
0.5864689680914967
0.5781751978875705
0.5867731427116714
0.5835477910910585
0.5736362778506557
0.5835869842403997
0.591412490526291
0.5827180009384821
0.594185258858423
0.6046377211663597
0.5727530301899252
0.5700744281725293
0.5989991879712308
0.5991390147071328
0.6046552646127596
0.6036569922125982
0.6090199156558138
0.5908743301172312
0.5968316548262981
0.6029792804775245
0.6095007881196678
0.6180631141577835
0.6214100976426967
0.5948479946087927
0.586710988354318
0.5587056673604726
0.5577164529219429
0.5516227153817822
0.540494013902165
0.5468632075142279
0.5438751240911706
0.5268297674058785
0.5110338192400462
0.5187294085124238
0.521003354393909
0.5287293373367369
0.5124373390337873
0.5126747584461928
0.5193581934492332
0.49366529962297406
0.503976434863947
0.5267624151007065
0.5180366914433413
0.5153357995429236
0.5240632690300898
0.5126710753470537
0.5053506487991527
0.5281577578880466
0.5267590464182059
0.5291465383805581
0.5320343581770534
0.5233959960121285
0.497937667258152
0.5027275255900009
0.5261920960820075
0.5141229712154552
0.5105731637772639
0.5054492050810204
0.5105742881333271
0.5034439522655265
0.4935597003798833
0.4984459024789327
0.5034449453487093
0.5045394846612822
0.5023297575106078
0.5071892035890071
0.4936558243392161
0.4979851686862941
0.502066689902607
0.5059816300186707
0.5234734600679468
0.5533256143189865
0.503468789410629
0.5247953740609762
0.517843805748607
0.5180249588712665
0.5235787712561898
0.5289423981594149
0.5349535095822693
0.5285755548587944
0.5391703812855683
0.5392595962257827
0.5450833972630336
0.5426048043705373
0.5350773303179946
0.5196884907599176
0.5220426231647638
0.5277067637468057
0.5224706565855047
0.5190386825665381
0.5011739302620344
0.5051976139661726
0.5093578332511665
0.5137360478923585
0.5236310178919159
0.5286412805810868
0.5338563079742882
0.5359277974476417
0.5290656111170168
0.4910891922186214
0.5115096384853225
0.5277429079596957
0.5359400329611897
0.5088837067851463
0.5164991724155108
0.521821062689289
0.5272472494621314
0.53292780875382
0.5390340606400496
0.5327420477268455
0.5173380917274277
0.5346871383007612
0.5221828876451801
0.5153505775808808
0.5214277348634623
0.522153132385168
0.5289243421640442
0.5561923377569925
0.5576121586339593
0.5625848608401895
0.5821526334499663
0.5874598606393503
0.5926391848606296
0.6023454793896599
0.6188098950842679
0.5865286824355266
0.5887736531119203
0.6006082186706754
0.5978133910935587
0.6172574695470171
0.6243625023936964
0.610025565057547
0.6256976049125317
0.62145101886428
0.6223272656465764
0.6267763600566582
0.6221529733837269
0.6208095463496508
0.592962141618415
0.5989123069355038
0.5735055671306725
0.5851670096375853
0.5834118493245184
0.5921049003660935
0.5920284410134963
0.5582564111742024
0.5642982202032819
0.5735839775831476
0.58241879539963
0.5664394645247784
0.5405556961820271
0.548727643459106
0.5592524010339414
0.5676219913643521
0.5177172276687994
0.5160180304204999
0.5154626311829437
0.5230488140876003
0.523183898675004
0.5234582776287748
0.5281358904046533
0.4780172465400199
0.4772428686095625
0.4959045495638044
0.493548552368452
0.49587107105642275
0.5016231849533
0.5072459474427843
0.5195158488335437
0.5215627872213404
0.5325445631578137
0.5290832538811332
0.5544396869132878
0.5580295983559682
0.5750539039125961
0.5580336844597362
0.5443361150037781
0.5403257339296189
0.5467971131217423
0.5575168077437559
0.5515390393239691
0.5462044576746923
0.5553284587034223
0.5637700014166313
0.5682666470430777
0.5654679074137351
0.5753516062051997
0.5737201391092283
0.5568238737235285
0.5418557388477795
0.550557426648182
0.5490395175450914
0.5571478801492116
0.5431516681383255
0.5448566537871066
0.5523405922599284
0.5605177390651239
0.5687458066132589
0.556049870881546
0.5639731551700644
0.5738693319678625
0.5852909775573264
0.592299019386762
0.5779565222368805
0.577387328428194
0.5756546139322672
0.5558794445640545
0.5629470394837838
0.5705447531263118
0.5778150138399212
0.5913227835063922
0.5903248984174553
0.5977401733814219
0.6030448492341965
0.567874765942177
0.5563878000575369
0.5630026519256088
0.5178509222506038
0.5250636888443728
0.5223388897334754
0.5292315198694421
0.5222018872436417
0.537966232808623
0.5273640872566774
0.5545379055060213
0.5838013718643933
0.5661211019289955
0.5746302540807106
0.5660364704972057
0.568092318380357
0.5652257946441651
0.5750951206535092
0.5802277494715938
0.5897091939474804
0.5818398049543982
0.5735760146867783
0.5839384920777022
0.5962483181493256
0.5804056680228661
0.5872809247129586
0.5739843658210191
0.584318964043017
0.5696321043643242
0.5947192709315495
0.557912712064123
0.5789500867082581
0.5874961182558888
0.563054745682667
0.5654866343746842
0.5461125671941678
0.5421336236451911
0.5501474728420772
0.5238319966123701
0.5275122211001493
0.5410601396085818
0.5565559177176954
0.5657321127661473
0.5680962818561249
0.562385973877902
0.5509217050229608
0.5469505104135408
0.551940158800449
0.554676632706208
0.5298448464738091
0.537346423158523
0.5391551625235906
0.5385194111258433
0.530332304150586
0.5454603644817665
0.543949380760193
0.52643745632355
0.5025478210194612
0.4963206557969364
0.5036412637416728
0.5039384732856497
0.4950894706033432
0.5020036568244813
0.4854321587536989
0.4920843484074614
0.5058942708313491
0.5156124373564115
0.516493601716277
0.5179082581504177
0.5060590124283213
0.516165775810452
0.506303515506118
0.5031698922708824
0.5181666684138516
0.5278585956666616
0.4833295491033686
0.5010232230513008
0.48481913080613237
0.49052541093444424
0.4961412099243087
0.5112563282104319
0.5034963344611063
0.5068280449019451
0.511880822322112
0.5263291731630175
0.5344068850989252
0.5419513068523474
0.549169254224332
0.5492455750400865
0.5557017357423899
0.5268559431171725
0.5336951180440372
0.5451322611974478
0.5512237982525294
0.5553356875316251
0.5628574928170912
0.5534015511491402
0.5672710632949628
0.5752715692065933
0.6013225252286779
0.5882386050006512
0.5703926834752179
0.5655510976472954
0.5694663248985583
0.5790727099662936
0.5888125678611864
0.5823476802222269
0.5233209594450738
0.5398808319205451
0.5345617652466745
0.5442597895473632
0.546607303161957
0.5464642917262018
0.5552106433234061
0.5610654966530416
0.5717828646731239
0.5797332722355522
0.58769635166968
0.5951564200444128
0.6020945087118563
0.5863775059659649
0.5923652472748446
0.5914732461158928
0.6009449466578665
0.606652389880297
0.6123783329699063
0.618336070389559
0.6247263624130993
0.61836551913551
0.5963054766040126
0.6039141091606527
0.611716079769854
0.5944789707337851
0.5961761598866315
0.6032015922351623
0.588961238365958
0.5806984969520508
0.5820089834871206
0.5666767258436134
0.5724839230935957
0.5784971728958649
0.5685092160485965
0.5682848849099034
0.5500816160517232
0.5625488656245775
0.5660937174389592
0.5724256561199674
0.5786987797861556
0.5836148463876337
0.583432424300202
0.5555101436804747
0.562984802392876
0.5751247922661324
0.585489000106968
0.5933443878955846
0.5959488521758082
0.5951935976622794
0.6033269089051684
0.5858351311491558
0.5733416244973064
0.5810983822235667
0.596585959200928
0.6038701979747922
0.5853835304406156
0.577362459770542
0.5585225916427431
0.5666886842789592
0.5748704185335306
0.5828253684113683
0.5893154422391272
0.580723357163869
0.5842014245950133
0.5805834479025899
0.5889175817466926
0.59899516937289
0.6068225392691934
0.5777945111991151
0.5886733072730189
0.579234351154462
0.586916689153084
0.5581838163785411
0.5650041453185067
0.5531259963707993
0.568377817372581
0.5450208792586878
0.5431892544471277
0.568785337826141
0.5573077497480993
0.5437266077450189
0.5371455666196862
0.545558814287077
0.5534806126588089
0.5619437159786406
0.5702034064567024
0.5464568233862661
0.5409133848257175
0.552059222369395
0.560476861527286
0.56530744849424
0.5738750042873898
0.5723035529096527
0.5803074918856509
0.5601317854377029
0.5458836828156266
0.5430165601446525
0.5502088701721805
0.5572761450287114
0.5641339169763049
0.5660203844465587
0.569470449980022
0.5626826971676753
0.5582486271367055
0.552753984696389
0.5753020595191765
0.5745401497186898
0.5820553052413117
0.5895893350533381
0.5967094573735982
0.6037802124671185
0.5813714317875728
0.541028458002994
0.5428213703765248
0.5383084541156932
0.5516328469564632
0.5276161049264456
0.5357056668883451
0.5529014506114454
0.5589257202890224
0.5571591865450783
0.5650593175823293
0.5659943915725979
0.5765925367289358
0.5816153647055561
0.5894483598703972
0.5970332653441675
0.6050813998483858
0.6099173029223962
0.5910735492440425
0.598504970130891
0.6067489592869736
0.5885018574776542
0.6041958015965672
0.601280787090626
0.6028074977537173
0.6129781957269615
0.6071931831689389
0.5795241294911881
0.5741941711128403
0.5810605752930337
0.5848727767222393
0.5537434760230169
0.5767108649116343
0.5804887719418692
0.5861319722097996
0.6066433686801206
0.5646552104152688
0.5829475606676903
0.589923563294412
0.5951036913589778
0.6050708708668279
0.6117862846451971
0.6189079423058147
0.606484958291259
0.5811973588485854
0.5576082482997621
0.5646011103964258
0.5723035400026562
0.5802710136904078
0.5879236723422125
0.6001033749124184
0.5758136196556852
0.5815122242152857
0.5746980367756261
0.5289968056438046
0.5368430471033374
0.5447769974287558
0.5343144140781061
0.5332131445477355
0.540270068448414
0.5485272342646448
0.5423827664286769
0.530086017536947
0.5381594817696943
0.5462369400158381
0.5526711141718895
0.544049822868984
0.5524287516861258
0.5578364767067756
0.545377969469535
0.5522407511630526
0.5601574497096584
0.5660849081120122
0.5570206438040578
0.5619316690261136
0.5478574152480629
0.5523233993415496
0.5567303575345041
0.5401520706892925
0.5448416933321872
0.5433273923881455
0.5575783258422
0.5501543231478994
0.5518029285722706
0.5775761088229704
0.5633520299903417
0.5711555173581755
0.5605397520205769
0.5663013813954263
0.594684270009542
0.5951042312071111
0.6014407395002511
0.6074462981015413
0.591810942107432
0.6010783721336295
0.5962031030299797
0.597079432943839
0.6021816435413021
0.5974108703869753
0.5821977265483418
0.5427665332068144
0.5619231347988488
0.5790336417084547
0.5777170241664995
0.5567672331301879
0.5502436682065495
0.5562956916291206
0.5527460154586107
0.5475023934672796
0.5303763545496486
0.5336900634711993
0.534825842569116
0.5571138449729325
0.5407907671798857
0.5294225534513721
0.5428695198701607
0.5328355853946173
0.5156445749989567
0.5226100416124634
0.5345358087771603
0.5596374842104896
0.5637128424874592
0.5324006670021265
0.5400949657154906
0.5551790563306014
0.5627558959109484
0.5848465468820826
0.5673955305275852
0.5528383176323143
0.560490314166231
0.5640673080082894
0.5866838650510258
0.590151932590492
0.5758493281455602
0.5770488198894744
0.5512712905763629
0.5704523591193821
0.5533365932562321
0.5162979096191066
0.537210256623505
0.5443821937493026
0.5282205796035703
0.5210921838613378
0.5453981399828678
0.5637895409377438
0.5545933782601931
0.5477364070150761
0.5497115176132368
0.5563292791799045
0.5638746092909904
0.5701378873677484
0.5810300671198819
0.555034956918941
0.5341123120136989
0.5428775613727053
0.5495315787208368
0.539962431079789
0.5352837988360323
0.5359812164517375
0.5426647994747513
0.5398738155461033
0.5462835545055652
0.553435384243153
0.5570593103383406
0.535701876916897
0.5330105624832219
0.5447233969788914
0.5176812983492538
0.49420836457721684
0.4852949728237482
0.4738610722626452
0.4720402680957039
0.4666027906532061
0.4743442157003272
0.48217146706511876
0.47884110054185264
0.48010219921499947
0.4878362962275735
0.4949682294423144
0.4941513327468992
0.5012870009592038
0.5229680148175859
0.5297174181729861
0.53941803594947
0.5552216125681589
0.5667593898082849
0.5738429508488028
0.5814173566603994
0.5778777788382747
0.5685536142856394
0.5498682544363743
0.5511826287773566
0.5582490138915002
0.5655059836503888
0.5673291969072097
0.5450791012419686
0.5518141736872764
0.5558715804820268
0.5624305148314508
0.5477268074721487
0.5540889315973916
0.5509449632115536
0.5183935426809232
0.5229580140386063
0.5336243779832711
0.5395706450725727
0.537423749976345
0.5324471249011542
0.5287222433265274
0.49797909754635244
0.5115472592510025
0.5107679404181263
0.5336532484402089
0.5156729194117959
0.5031319216257656
0.5069348342946765
0.49650969136399775
0.5039593855227229
0.5111381555681298
0.5321371246834307
0.5239832930810838
0.5264790225579324
0.5301512051047629
0.5316957514479886
0.5322457083450712
0.5374447685407381
0.5627099980616008
0.5686030950428123
0.5725038938528838
0.5792282805527246
0.5857812454147788
0.6057412945635513
0.5784673714867722
0.5842926049035806
0.591419023967066
0.585888883604385
0.5884490020298935
0.5825154720163392
0.589463408169692
0.5970474622067562
0.6046128880628691
0.596234607605891
0.5876258747112492
0.5808860377207845
0.5713243182723794
0.5789720328155112
0.5761168620989019
0.5838837223147632
0.591552435593947
0.5864752916254772
0.5808327237928567
0.5820092087983081
0.565264634903109
0.5775363275979867
0.5657079446818386
0.5718076538288142
0.5781315828343957
0.5848820760516744
0.5545168692430374
0.558520105653224
0.565139240903419
0.574995727852372
0.5828327293347381
0.5816209707127841
0.572965613130381
0.5803314166336436
0.5564793719435923
0.56619572217495
0.5722831060731891
0.5784024969748744
0.5690393807742887
0.5764429246027446
0.5729245355379053
0.5779213609280003
0.5826115603727474
0.5872507330106167
0.5923056894668937
0.5935951785981665
0.5942729857738857
0.5995317653245879
0.5857596361704419
0.570380111834112
0.5295430737932011
0.5296163913760952
0.5548161477198981
0.5539881253325855
0.5697636378157577
0.5627052200645247
0.5661703233522861
0.5743062567551787
0.552810008220794
0.5588782902812394
0.5581425049324121
0.5636184334778617
0.5691685744420525
0.5717748058035489
0.577304573638589
0.563556014545068
0.5701492556173074
0.5767561690082039
0.5701242029290144
0.5644894192293116
0.5704712957849735
0.5675437544439655
0.5616767290135937
0.549544744466799
0.5595591175012259
0.564848270641028
0.5702047846412579
0.5709710094944828
0.57166920226124
0.5557896785937781
0.5573267707394504
0.556780812458531
0.5735026744987342
0.5910988977423128
0.5917115523887788
0.5941342747660627
0.5947331926611555
0.6023518077541116
0.574544829601566
0.5611987027442136
0.5712260535956648
0.5609489548985089
0.5941172983618589
0.5828575135077491
0.6106864796454201
0.6197773327489827
0.6180510777602832
0.6268991470932661
0.638572340898889
0.6168762928555555
0.624970697495823
0.6240020714912194
0.6224224187142722
0.6087786228917801
0.6377941386894964
0.6074197159374906
0.5788068855857471
0.5784462956094207
0.5794450672376663
0.5625329168224243
0.5728285383292653
0.5740410044828905
0.5823418999187229
0.5802381963474021
0.5848997927703983
0.5831787038655606
0.5434105889522822
0.5196073307356321
0.5131534886975244
0.5325891806017569
0.5232519641829791
0.5143793588864144
0.5060862328405729
0.5108434357227906
0.5097467516745878
0.4990069668403147
0.4905481717713539
0.49631432616569965
0.5021908818613224
0.5079385006507189
0.5079381075772128
0.5048695605480467
0.5055945956810658
0.5002002831661908
0.532852043811814
0.5399379756512724
0.52431038964795
0.5272086631923767
0.5474589645837225
0.548158147368264
0.5528711556822995
0.5580920553840626
0.5632761364833916
0.5562744665206992
0.5731494559417772
0.581962091583637
0.5986312136766843
0.5886637380286792
0.5916117105060577
0.5865315411822288
0.5668985201404673
0.5982193741353298
0.6051205405018426
0.6133207340412241
0.6078584831273843
0.6151557149069443
0.6186989365879629
0.5994825232620157
0.5613246141016236
0.5680611424413377
0.5768186709604091
0.5844464163243493
0.5782241282924174
0.5743854913015843
0.5819682798352417
0.5690054676962967
0.5759516342255456
0.5829145995094411
0.5714557648571247
0.5557804753579193
0.5338609763444543
0.5505323609488038
0.558667355888851
0.5754556763329851
0.5724943827351773
0.5861892474099768
0.6070163836626773
0.6092890497294206
0.6071301408825636
0.6246043642284891
0.6050927285037797
0.5783543183145036
0.5686237501703283
0.5746445963220401
0.5803194259246609
0.5859990121880668
0.5778995650420545
0.5833957954768637
0.5548476592389283
0.5316789930581736
0.5058236102370619
0.5263998123127176
0.5314916361955618
0.539345780766449
0.5241936853103699
0.5311351727936587
0.5586670536319651
0.5660700189519762
0.5682858809996035
0.5698323374105538
0.5614587248091709
0.5640179653207348
0.5795870106642576
0.5764733303460882
0.5663100666753695
0.5852331226757727
0.561617683690208
0.5697477567664141
0.5569877733385342
0.5387081129032576
0.5306860821585537
0.5267599727248681
0.5338964556844881
0.514664448523901
0.5267133252512219
0.522269692745948
0.5277324210778402
0.5217656540355075
0.5475636527066764
0.5399452245141312
0.5406497265676591
0.5473043601212201
0.5538253398858873
0.5602934555137256
0.5662611980793985
0.5630722506364724
0.5704949383115256
0.5643536444492611
0.5540839720441846
0.5487210377274228
0.5544012411726867
0.5510182407224355
0.5550651565483625
0.5671504339072257
0.5753220233699038
0.5439586636285615
0.553395958744762
0.5557921749924841
0.5565035671803836
0.5094536478160936
0.5179927414603024
0.5261448631679914
0.5152378103959643
0.5370516963869612
0.5420716343667258
0.5449063503094134
0.5673736761208438
0.5557102115900254
0.5711038093054482
0.5818688364766664
0.5894419420697201
0.5952947655720849
0.5680417007464047
0.5696906662473371
0.5760908458050376
0.5827391793521001
0.5756601409830184
0.5828215669608249
0.5901782175086686
0.5973387231545398
0.6042668825118679
0.6048733861626093
0.5916064636218898
0.6081326081765767
0.6291304843702349
0.6259513501484478
0.6186962623729516
0.6231843661069705
0.620571315654655
0.6255517996770937
0.6297974175898644
0.6343188006167032
0.5937122675226608
0.6011248800069647
0.6086605891921316
0.5999359274889712
0.607640170057656
0.5987788177627722
0.610598319860914
0.6105833415367494
0.5708968506535418
0.5780556185970354
0.5450793346573131
0.5546413906400461
0.5675166560172077
0.5291255502703824
0.5358756159286314
0.5336310105286987
0.5392868888798604
0.5446801225407897
0.5500476795340998
0.5553844261106253
0.5610229458333514
0.5550600430154903
0.5697353436964031
0.5704503964784802
0.5763323933797396
0.5906332888663396
0.5970400292373335
0.5955906437979068
0.5994037549685615
0.5864490397823859
0.5747265245456707
0.5616987182124114
0.560446198515666
0.561763256318432
0.5428136288827343
0.5849042791044405
0.5900679786702531
0.6007964843874867
0.609662555111665
0.5984845889719469
0.5760677001658521
0.5897980092347973
0.5439646701160316
0.5487434771063083
0.5522683860406078
0.5404288583901756
0.5458029087132164
0.568302067109561
0.5539821130042069
0.5543651751391234
0.5465149364002085
0.5354280520400837
0.540543901883288
0.5329620130130318
0.5478209977121034
0.5299469151675374
0.5355139951054126
0.5403345135198816
0.5458922156984828
0.5606164467759238
0.5641051935542635
0.5601665469408373
0.5609757136880665
0.5522698836991797
0.558062229790895
0.537650351919999
0.5431552877772298
0.5484998641748835
0.5537689017984371
0.5590376408349808
0.5643291528729298
0.5634081756379115
0.5678334603748774
0.5746269641526948
0.56506019810061
0.5516513982689886
0.5730519632229002
0.5820400847851164
0.5769995763655849
0.583535841605361
0.5869062933538399
0.583226721993362
0.589230626251601
0.5948963403918314
0.5965274707818817
0.5949201774085383
0.5938324677216904
0.6000416288076257
0.6067144365025559
0.5662215217213232
0.5727632441782794
0.581422949887638
0.5883972553330191
0.5904966783567626
0.5972841055920731
0.6041003522116452
0.6150836643181053
0.5950878743165435
0.6135206979748075
0.5970052171028187
0.6038622233319191
0.6101245187504565
0.616253008372834
0.6226859641032828
0.6114397261363353
0.6163479204573022
0.6142278182379977
0.6158908289320012
0.6085868517900807
0.6017930770696556
0.5816515124185094
0.5880392065232872
0.5943139377922744
0.6059467497823016
0.5569794462151152
0.5664892901920165
0.5588948189903072
0.5652931972911724
0.5620095377842198
0.5527225628515422
0.562658632613595
0.5566837948396569
0.5636271850048902
0.5776377926090714
0.5928537410049349
0.5994218614591394
0.5871527403471879
0.5938402968271486
0.5821194769877759
0.5894509154785867
0.5944829043406339
0.5816561360573727
0.552074346039917
0.5324677659909615
0.5390684982439843
0.5349347869459425
0.531253263945996
0.5462008933820605
0.5704764690279164
0.5747047177534287
0.5733415073657101
0.5942097350572015
0.6099000401339972
0.576442930592662
0.5881086905457488
0.5567751965226909
0.5484967834883872
0.5467279666252358
0.5281773488700116
0.5073055817788825
0.5154582165925685
0.5232644124619849
0.5609138978398077
0.6125364848825751
0.6068352074172816
0.551429777369414
0.5541933328044476
0.5701342429571478
0.5543719021739087
0.5587055130295719
0.5665959717425764
0.563263953129896
0.546587334031605
0.5086557408872566
0.5166627042128605
0.5246571342956109
0.5276870606144117
0.5261667217379163
0.5341111518111287
0.5244330997288178
0.5398064234036738
0.5475453788655257
0.5421368548039542
0.552068974736128
0.5664633462103404
0.5619670788091278
0.5752016016215638
0.5837379274666343
0.5745520247468807
0.5760186075948158
0.5656168449158846
0.585452473364234
0.554900014740159
0.5612870446545328
0.5481166041189791
0.5263771102976728
0.524783708028472
0.5092025076164507
0.5072250415081442
0.5200157046160526
0.5348664897862296
0.5417660375507525
0.5576599062467722
0.5710108743427373
0.564099293462236
0.5710338269146062
0.5822261475168325
0.5744655430641182
0.5815585253890968
0.5889085827311138
0.5892300907112824
0.5801546822340661
0.5482560633569171
0.5779011111632321
0.5492078948643326
0.5380267340174906
0.5444087155752881
0.5363734620768618
0.5471837715317923
0.5338711257919806
0.5242440167411307
0.5318897451294267
0.5375422617992209
0.5435667259155359
0.5493792175635203
0.5428125950878059
0.5299563320814832
0.5213666735751593
0.541948061778542
0.5461158694465834
0.5519889180674984
0.55831521543321
0.5441658886443109
0.5495820735732259
0.5374856416134679
0.5431630134622836
0.5488733226731171
0.5342244056428918
0.5395718356106755
0.5490767778494728
0.555385136648417
0.5732705656558476
0.5658900379829809
0.5553349942600672
0.5332142431734392
0.5293401020928022
0.5119248191493461
0.5276075940158192
0.5190087379601086
0.5057271999136829
0.4992636446216341
0.5060120339779269
0.5108652177585814
0.5240587092518373
0.5280246473883115
0.5212346425953444
0.5133575946041309
0.4871787001037823
0.48901134212101616
0.4923668431624468
0.4976462450617087
0.4819357852520553
0.4865121699846437
0.49079224324472887
0.4898479433639388
0.49403287241089827
0.49957975181877
0.5120710497830014
0.5082875121358341
0.5103634848449511
0.5316506692614656
0.5362737787836692
0.5429978163775702
0.5433026113473928
0.5484489017622575
0.5557222571281464
0.5546544023454906
0.553221433253625
0.5567002823363457
0.565504934878247
0.5712291207081436
0.5766635117623297
0.5863757104944243
0.5975716816632067
0.6037113328209267
0.5894248158288176
0.596064525767055
0.5972688443795009
0.5871522920353404
0.592960610498449
0.610620804599654
0.6242951473092213
0.5997714544815033
0.5961708215389792
0.5974136073813181
0.596389541629664
0.5886152738288775
0.584719653708851
0.5874043780301587
0.5636581084266669
0.5859592218039762
0.5675278823895694
0.5676387467951828
0.5565251168140839
0.5473181485069258
0.5546995301281271
0.5600727762200941
0.5293462772123596
0.5347350285377567
0.5445481450723642
0.5768657245155364
0.5772333222929408
0.5921295273749184
0.6096415001030234
0.6049877326982186
0.6025787240570415
0.611968927082509
0.5852940737231074
0.5786128386736229
0.5713709328961672
0.5718885590171712
0.5467588021126831
0.5365491303343237
0.54357235676395
0.550685453682576
0.5679244062738034
0.5541761541561578
0.5744479507048421
0.5346531379739177
0.5638154400491201
0.5489335655280363
0.5540395251311672
0.5734783834573037
0.572837909299073
0.5689838779204283
0.5726677508451268
0.5666738528872852
0.5711738467903015
0.5802256965128213
0.5500791056878417
0.5543468188673177
0.5591240406541815
0.5633882431625563
0.5814196147873449
0.5936139241740794
0.5958783560416235
0.6014749868792518
0.6065812806659479
0.6018115497144242
0.6060934204715827
0.5906673358964182
0.5825294760909465
0.5862786657269475
0.5924287540040362
0.5939702565336431
0.5993649918191449
0.5650543790441845
0.5660918982278814
0.5883907629824765
0.5858841323840108
0.5907585492995268
0.5950479938802697
0.5752744515190554
0.5589376060825619
0.5383876418071067
0.536400726922872
0.5274887549700206
0.534171614912329
0.5354324028108033
0.5301775520338471
0.5173386323770833
0.5189084402788563
0.5223415617792839
0.4947245182351982
0.4899903295046909
0.4993473042792361
0.5039706826561189
0.5086300203135399
0.5012615627962512
0.5214770136504785
0.5135319418132399
0.5271336086817261
0.5367879220232787
0.5167720758554811
0.527445411119758
0.5216164226996358
0.5398440446725882
0.5190209782682697
0.5356975663698349
0.527622537361916
0.533474099094806
0.5391216393522817
0.5095726922061377
0.5345162562613551
0.5303656408492302
0.5347981264431453
0.5402069066750709
0.5311188598204338
0.5466102805591837
0.5420989464366617
0.5453817223800487
0.5485989770374738
0.5518352466971759
0.5550432725817601
0.5578301692861614
0.5662989239969544
0.5828459437816799
0.5892868900625756
0.5929885109862014
0.5968104915984457
0.5800961377170923
0.557864859205774
0.5635882772763428
0.5556881416055551
0.5525161873070662
0.5726965868155354
0.5834509410590555
0.5890985065067897
0.5584487304964373
0.5669176320280277
0.5685558955913449
0.5683678820325899
0.5577088239480942
0.5725421250959547
0.5729195904632373
0.5800488281240308
0.5871041790581211
0.599720892659132
0.5563233717931132
0.5635216258926522
0.5568841194458122
0.5781110515335253
0.5674765107851252
0.5682333852835201
0.5807892338076738
0.5668778450989497
0.5481391425292728
0.5373630565717342
0.5456545629520171
0.516027370282064
0.5217026467104385
0.5273762376682588
0.5329019680780364
0.5386060463586398
0.5463049165524302
0.5469879957940086
0.5375297188353232
0.545197560340234
0.5503768651439185
0.5304324058958598
0.5311297559714518
0.5158752873013481
0.5213174566520569
0.5266371840007785
0.5282938518474682
0.5395171470851781
0.5505556591619996
0.544068908617567
0.5396385207339799
0.531415645191386
0.554639880376096
0.5462865535945205
0.5545917779639241
0.5695153233615697
0.5778618064788676
0.5848763326656403
0.5610605300693202
0.567001964814869
0.601611214263343
0.5850554110385346
0.5900741626590403
0.5848261938335414
0.5901799469631521
0.5954743461857679
0.5722846698318094
0.5781564072022339
0.5872009036696265
0.5765560879778252
0.5858179968759506
0.6013092858045856
0.6013194888221045
0.6028870775993366
0.5731963547510046
0.5836729695783855
0.5781840640831657
0.5675750511589374
0.5771030997925019
0.5731891884847367
0.5780514838902815
0.5798229476168132
0.5789728470186138
0.5837132168992337
0.5878066976895922
0.5920471283563169
0.6073064913436134
0.5871385151952417
0.5949026231949596
0.596317106517375
0.6050936140668702
0.571761035617376
0.5773759689525041
0.5802241443796191
0.5687896937516874
0.5516991479893122
0.531524592331095
0.5343254991037739
0.5385822256923773
0.5429175528874377
0.5544120837081855
0.5606154792158944
0.558215603540307
0.5462072379684405
0.5600410509477338
0.5434337342110462
0.5565114489426747
0.5618423910265289
0.5686289977199318
0.565153619748057
0.5678491337533033
0.5698913906510349
0.5753255945910131
0.5807094495093115
0.5720377754718063
0.5586222115325495
0.5727490445771684
0.5870333123370866
0.5879881769360925
0.594438456043143
0.5782758326510812
0.5796183242611443
0.5836969166779907
0.5600677859506694
0.5651883823276916
0.5597290651613852
0.5492488561912315
0.5442806502685316
0.5537108562855545
0.5340644161822561
0.5401027451747119
0.529150036235097
0.5331038396638758
0.53921472818743
0.554974241917016
0.56158626425691
0.5530233540195736
0.5650776569125033
0.5800307511004978
0.6033047124923534
0.5776705730003561
0.554949283664535
0.5201059402734549
0.5069449268785671
0.523010731231826
0.5353054152744365
0.5359234153787565
0.5426445941372102
0.524997117052311
0.5502369705807182
0.5516000134170334
0.5523437078743295
0.5375516818177698
0.548278378749196
0.5737902576206076
0.5815709768777981
0.5892243552985228
0.562626620342678
0.5694192449946609
0.5774777718106939
0.5837798828320604
0.5878205954295207
0.5942061693424484
0.5785982080577025
0.5231975041621716
0.5687946782469753
0.5577873808189434
0.5799793648939239
0.5800118119664728
0.5842992393815154
0.584990093021734
0.5714739789915857
0.5471852224712079
0.5378355225025776
0.5432187156661489
0.5548133724488103
0.5470058287206847
0.550742535271088
0.5561227527105469
0.5382956537958677
0.5472287152304155
0.5765350710203845
0.5768755576598515
0.5784091077792012
0.5530071072703718
0.5450417239736096
0.5515517453574257
0.5580594232760354
0.5439173809273735
0.5344456857634667
0.5168469595198963
0.5253294616250613
0.5312251407482094
0.5318083808909104
0.5236368679826016
0.5287920059988839
0.5336563654386511
0.542696628632187
0.5450010575998218
0.5543947256257652
0.5502478345948384
0.5412361893338535
0.5483603805896563
0.5331804802655574
0.5455131614079705
0.516694780088788
0.5222136149023365
0.5241673353807517
0.5114966384438665
0.517895760935813
0.524127489407426
0.5302494717891565
0.5341074606981213
0.5534853818196871
0.5644391214685972
0.5534955781641518
0.5413660871696583
0.5475055287777147
0.5538209624977938
0.5632846345432597
0.5694172169893134
0.5754678695379073
0.5808955320665264
0.585120641370762
0.5700879805852516
0.5746720536805896
0.580458828690688
0.595595965943208
0.6012961600007435
0.5813444331371056
0.5913062616985525
0.5710294158348883
0.5781775262216768
0.5446294173557644
0.5251214423196442
0.5305523040143851
0.5361475048833625
0.5389040064657242
0.5339759730470826
0.5397365662030614
0.5455780249051881
0.5373460370202946
0.5417822279774295
0.5477916811203123
0.5441713325808595
0.5499426260040666
0.5458768841158466
0.5212045189752742
0.5178362610025047
0.5163657982396638
0.5310913444125634
0.5175111981441126
0.509878076712871
0.5142886637467214
0.5189400525894394
0.5106608374589662
0.5158974729558528
0.5232536463380106
0.5198541534312805
0.5475281931429642
0.5542623575249982
0.5653222054943954
0.5687759194589381
0.5764349474041051
0.5807733118840235
0.5842595399897068
0.5861041639402491
0.5833845436316312
0.5899348660237673
0.5689165402674237
0.59006600700925
0.5910490242062167
0.5913299587676129
0.5942121436123924
0.5794512227513015
0.5745329481256001
0.5643047486588356
0.5696805763146212
0.5751773251988301
0.5807613968873547
0.5792484932024012
0.5967336281642267
0.6027061386568617
0.6260309091878165
0.6245603400661178
0.6372972302293191
0.632298695862163
0.6258167710303864
0.6047098183912997
0.6104064430051572
0.6255201928905669
0.6237619042224074
0.6154806906276755
0.6212894386099738
0.626786810135777
0.6321343655508788
0.6217875245384372
0.6265034173825795
0.6313866452421237
0.6363370775881475
0.6120448434122175
0.6312857414991
0.6305766399616937
0.6213783008164543
0.6204733511605757
0.6269384349230124
0.6075185143279637
0.6079630371312417
0.6232163412405725
0.6016832977493539
0.593079035071596
0.5985236182464102
0.6011623810169139
0.6067195054083305
0.5979276974928677
0.6175857582096975
0.619483622250939
0.6259533754091591
0.6279569913988279
0.6172240025541524
0.6238061069525634
0.6438100071978429
0.6456463468073874
0.6520739077397036
0.6427131594939142
0.6262496998674141
0.6337449560720188
0.6325081122469232
0.6152260708404564
0.6251732699156101
0.6091610470468282
0.6046807114755167
0.6162040477320657
0.6197338010499769
0.6157612198904968
0.6213060440141457
0.6249564787072082
0.6255892426063128
0.6228078606046764
0.620670105617107
0.6154322143994474
0.6027955549381105
0.5874628069892783
0.6061292451627543
0.6163781685981681
0.5933442744351071
0.5796382013974443
0.5556134320112878
0.5586097818495009
0.5524962948111988
0.5686108859344371
0.5771516166067945
0.5737794852362164
0.5896179469955763
0.5458893121055733
0.5540650303636391
0.5517083875617614
0.5491194320368368
0.5487927541214409
0.581437675872911
0.5853492431251035
0.5863520624872425
0.593414435714073
0.5919134629057207
0.5990525804394625
0.602630825296353
0.5931699564287684
0.5895529333301833
0.5910744446080257
0.5934071858723237
0.5870626496304976
0.5754171897952475
0.5919612358258244
0.5963248212183616
0.5839461085182046
0.5888955212988733
0.5485884618878206
0.5304730835087942
0.5272518625705496
0.5347576326470772
0.5326043144458736
0.5532004036787705
0.5544466378457084
0.5344311745056902
0.5707437162649946
0.5520269256467684
0.542684282038053
0.5590534905428488
0.5412825048941617
0.5476488726462072
0.5500974242622026
0.5809855539905209
0.5737228117924924
0.5919114635731808
0.5623860123676864
0.5645097954573227
0.5704801958992883
0.5763647847885311
0.577233929463138
0.5823978761449832
0.5884881969558395
0.5715387684730149
0.5780374295510857
0.5702081375403268
0.5781257051848849
0.5825426390858047
0.5888482117256072
0.5852264687787657
0.5789675525390818
0.5887455400077962
0.5894759191541572
0.594564308298485
0.5996949459761589
0.6057721139054814
0.6117146860555223
0.6174914722106439
0.6232304193384142
0.6233915011466548
0.6288395914870613
0.6225525447458801
0.6167430313549075
0.6232744747396143
0.6239087714465111
0.6296352430971962
0.6358002176523383
0.6272132304121245
0.6011585856074652
0.6240828166111945
0.6289794156551384
0.6355106571013417
0.640567117550596
0.6159499060132388
0.6074979974289717
0.6124884319557344
0.6029240692836756
0.5960630220571147
0.5954338867076182
0.5868480875496708
0.5895109138377854
0.5843270399454092
0.5828947476172139
0.5900730732672457
0.5912647781169486
0.5962893285508818
0.6013555093447557
0.6022150729201349
0.5799103699934253
0.5808733978363452
0.599297002380957
0.5877034148248094
0.5714438521610655
0.5685649267201646
0.556610139360687
0.5324881719229225
0.5389445852029546
0.5198170179062915
0.5214184189247689
0.5227359888910815
0.5241929226562162
0.5287790349469612
0.5535272125871377
0.5579671493933553
0.5606774826951697
0.5465923404809361
0.5516398040638408
0.5506472421487991
0.5546880558286177
0.5660405252328077
0.5707063635726356
0.5509672815440161
0.5520613845075015
0.5569068040316038
0.5619967589184076
0.5609893929759198
0.5663316943425201
0.5212043728786004
0.5304510704105486
0.5413878974743873
0.5306376365129012
0.5262522186242842
0.534537706824077
0.5469024519893719
0.5528720528509137
0.5333441157363106
0.5554654945683224
0.5528040250889507
0.5602032079847155
0.5402717227744348
0.541619744603532
0.5345163145990249
0.5411612813363395
0.537018734280673
0.5417209360557764
0.5450118158974381
0.550184254606769
0.5420019128382548
0.5512650716221639
0.5750158706777266
0.5814625467072664
0.5805658409115148
0.5543434157205359
0.5223224753007883
0.5704178670004743
0.5677835800153045
0.569603530514785
0.5804065584904088
0.5636036591433317
0.5758447026493848
0.5749273071245855
0.5788264529225776
0.5494274413144418
0.5553825138334659
0.5487360561159347
0.5331202607192309
0.5332101786224386
0.5484940291129798
0.5541069387355602
0.5600535028611109
0.5554981807643056
0.5736429452874995
0.5611330949551188
0.5568429624320624
0.555943669479676
0.5439762468232465
0.5435484164113459
0.5419680486192694
0.5462989010389734
0.5489781013147996
0.553516385240256
0.5586145029545576
0.5509253124206819
0.5739274395827771
0.5705671559851838
0.5756869077799998
0.5762363434878559
0.5841832260092754
0.585756052081278
0.5852736305185459
0.5726981045290853
0.5775010759964742
0.5945619681814793
0.6015909037404031
0.6073902110311846
0.5957283004284197
0.5888099463690619
0.5903869936815215
0.5925758086895799
0.592677664946048
0.5888441256159422
0.5832692479002265
0.5706888455220048
0.5465161563812716
0.5505176354626412
0.5595710990141597
0.544938854122996
0.5491409231480565
0.5537595394381023
0.5584193981877235
0.5632420298801365
0.5585820303652818
0.5717052666634862
0.5746789155396003
0.5765966425768425
0.577610485145218
0.5715512318970988
0.5552441086212284
0.551957655567544
0.5628862907463851
0.5206912419562664
0.4838172137915246
0.49313398982783063
0.5002091892030439
0.48151529551030225
0.4846633288197506
0.47070080518722446
0.4608119664364729
0.47539539839739103
0.4824636085800564
0.4701279776275026
0.47917506995641956
0.48698364061792454
0.4800377014049418
0.4874660045867449
0.4922652484336567
0.46951818179169025
0.4592406636256342
0.47394865518014834
0.47299089040019304
0.46411566841051893
0.48725189341360414
0.49438073953487904
0.5011041096236177
0.5075007100516963
0.5153071050200393
0.522027207917808
0.5287608768022598
0.5345798835985668
0.5328050472446103
0.548210152010985
0.5551699250468045
0.5525836762001115
0.5597419338501347
0.5667471476476096
0.5644069179999716
0.5615691609974456
0.5493037397790947
0.5546942559280672
0.5697465969789275
0.5817940225272795
0.5812819486590787
0.5270696077617365
0.5483918004612415
0.562702315851176
0.5610898525820877
0.5657015262852118
0.5701648897361155
0.5745821183457366
0.5792242666402356
0.5842074161028522
0.5853397857236491
0.5705242697927023
0.5651862560792332
0.5654966552560374
0.5568735750647706
0.5424625799427132
0.5743301464296746
0.5816511542598144
0.5695829593673201
0.5937585101267674
0.596540096783825
0.5661963686646038
0.5633092711733287
0.5707469033306971
0.5917775455810939
0.5826392152409029
0.5883513032943503
0.5902662735068327
0.5755420900730746
0.5739436181529693
0.579017834246186
0.5842109504492435
0.5893266270902657
0.5953931439074204
0.6003041062641982
0.5844298382531987
0.5780751911316858
0.580876078225487
0.5738045438051703
0.5646959073245
0.5774000971791795
0.5676432538101374
0.5449025972908266
0.5368764329571397
0.5271291109728244
0.5326415332423052
0.5582966653715131
0.5382458018260032
0.5336841957957034
0.5627478119698553
0.542752638464241
0.5492790397315304
0.5664739798127628
0.5584916421171813
0.5307586389112701
0.5370425001121275
0.5435633646936927
0.5595603979235405
0.5467744842689698
0.5459565422887331
0.5445626571060085
0.5335288595471368
0.5252187808609403
0.5224269522368401
0.5351242635054819
0.5466118245584112
0.4938293186613209
0.544520930630521
0.48433087053877527
0.5023586710304732
0.5024240939957808
0.5219361252403719
0.5237286274102166
0.5250276223705417
0.49938059242407135
0.5057765674296258
0.5027850089947762
0.4941595386769538
0.48500161639460193
0.4793815503659845
0.468053719933388
0.47485921321484736
0.47607899537657694
0.48299096930957136
0.5010200122150175
0.5074323285171316
0.5052348990453308
0.5120615018676306
0.5236070433875768
0.48866248347526825
0.5153260715578398
0.5200942423564758
0.5327632274210714
0.5581166210128684
0.548198075089042
0.5853002340905227
0.5754861322200585
0.5780539356386786
0.5299937287908343
0.5382738007362092
0.5350748146240802
0.5393219946537593
0.5435142628457804
0.5242683389237436
0.5229342810563854
0.5144447689632404
0.5226774279965446
0.5309135253811188
0.5351951788710979
0.5289266025658844
0.5375118815007756
0.5027067793592741
0.5173030532404623
0.5137093926962989
0.5075747461856064
0.5218671192973144
0.49637183453620165
0.5036424101966788
0.4911292870999081
0.5048715726974394
0.4899352259662954
0.5085261024135144
0.5062010133038845
0.5139212004013173
0.523011713539884
0.5310791275557574
0.5389887277848104
0.5468638493036694
0.5547608864209668
0.5365493421800309
0.537051938759861
0.5504058429003426
0.5435767037850833
0.5629392491170093
0.569362015672039
0.5656276609767794
0.5811881457842321
0.5821475799181892
0.5686991719815688
0.566315258879779
0.5829999545899003
0.5713370307158024
0.5875880702333871
0.5947820154478954
0.5924280526042529
0.568096777536594
0.5460224658225798
0.546260726533364
0.5528295001394624
0.5597327592919251
0.5595817581824103
0.5546424626627579
0.5620657173415052
0.5771548825563527
0.5969475497918139
0.5746629119389236
0.5615833874361009
0.5914489935790018
0.5950330986455933
0.560911448014956
0.5427138982983488
0.5591189365242264
0.5627171518151299
0.5541027137077675
0.5817003504318373
0.5727154042412217
0.5772466057651747
0.5734032929569419
0.5813761545608558
0.5731429228992064
0.5759336047890413
0.5338785316749802
0.5523799230125429
0.5668977063612144
0.5715395298102515
0.5779754639991919
0.5793874939467905
0.586534643673396
0.5736091554337447
0.5742810838071475
0.5791648928930382
0.6031017514738881
0.608396805552928
0.6020305346424659
0.5925974148584768
0.5899565416205379
0.5934131988752003
0.5656714899688863
0.5740975851687848
0.5732496437719234
0.5890633744631522
0.5767289978761722
0.598136647958531
0.6009799742355657
0.59692806621452
0.6018858708899507
0.6063201891645259
0.583116750866029
0.5881683482034702
0.5772324636354103
0.5701663450553788
0.5666906982558392
0.546605364453724
0.5294170657720394
0.5208462325889233
0.5027953636417364
0.5092878691889392
0.5155223761901119
0.5215584281155483
0.5275727544590308
0.5015364948366401
0.5078260578798475
0.5155574696961198
0.5213961779768357
0.5268404290878081
0.5245697416613181
0.5301805675513133
0.5356606425329099
0.5386956858463313
0.5402343685574993
0.5407318711282847
0.5548407360456477
0.561363603930324
0.5686909367103289
0.5688465108492838
0.5644492396956439
0.5826820120668684
0.568541741179175
0.5602121702187366
0.5681483839520539
0.5426103253703863
0.5724538041268499
0.5783017950392532
0.540226055044497
0.5606697758955512
0.5430542378101992
0.5490263751879105
0.5499320940464105
0.5620699332177066
0.5659196900866842
0.5456570062573101
0.532160224466656
0.5210166317304166
0.537507223197863
0.544908692091703
0.5471839729180564
0.5376665518038071
0.5446358608012508
0.5514895154853021
0.5530110348306386
0.5026155469228878
0.516143917236359
0.5391365420379102
0.544996268378815
0.5361552567376321
0.5458401557122302
0.548382196449584
0.5538094612521959
0.5505364015670323
0.5564978797877779
0.5351224629891392
0.538949783342859
0.5290637555835602
0.5362648255754412
0.5426959859207066
0.5357105225808068
0.5233393112764622
0.5284746625151879
0.523790043584003
0.5299941067157656
0.5351898631830704
0.5318843224041154
0.5285985847888609
0.5104339503512472
0.5243734929964642
0.5288364662700086
0.5228595405866397
0.5269042225993619
0.5123421444494866
0.4942397206719988
0.5211563010292382
0.5332896523477404
0.537387781163092
0.5156771994793233
0.5260522220957158
0.5336416293962665
0.5332206308648815
0.544186114079503
0.5468143742124165
0.555603020498825
0.5601564497819691
0.5514110501351157
0.5410252263972596
0.529732774174453
0.544802317349816
0.559736631852844
0.5629218589322372
0.5695484690638298
0.571907109923973
0.5238124383323252
0.5323048070601807
0.5393193405133013
0.5443406454751091
0.5488908703160049
0.5468887256928305
0.5500217042330603
0.5418129424215201
0.5377162577702064
0.5422220853501742
0.5381255417328462
0.5315443603342631
0.549595468578732
0.5546917278330212
0.5326160598229555
0.5666847509822278
0.5715387914094696
0.5638783803325509
0.5765053832029711
0.5402893734930919
0.5887722492744784
0.5741800803139936
0.5797703068977643
0.5659741245710588
0.5712086339716144
0.5765561946158777
0.5634789716317476
0.5717478776639268
0.5650130675750293
0.5422516086031934
0.5592689878319128
0.5477858134213182
0.5755583299450288
0.5836993427293107
0.5517390746194532
0.5561401060637239
0.5473298461338543
0.5527083795270993
0.5582246704941063
0.5637055134305974
0.5634896285513165
0.564943159252341
0.5344690601016562
0.5522656788066421
0.5611677287483973
0.5778548576688284
0.571982598794675
0.5627846590214322
0.5682309504873614
0.58338662055042
0.5889115754021254
0.5982925612322167
0.5652669366820284
0.5558369113521522
0.5337987357942329
0.5482979830892998
0.5542001570663077
0.5603747259608229
0.5553394866298641
0.5330348994398578
0.5298987815376465
0.5374482767835688
0.5271340134945591
0.520080782100615
0.5423816143662236
0.52095322353712
0.5299804468633157
0.5366374765792818
0.5432588187572335
0.5425749880425018
0.5390528495552852
0.5448906757032571
0.5546730615655852
0.5467396632985946
0.5410752970586407
0.5609537331357046
0.5679007040112803
0.5898065585948147
0.5797518988783464
0.5403429109340756
0.550835200835676
0.5545753282421432
0.555627920281128
0.5307977883405254
0.5244791140106883
0.5356619466367085
0.5279325015988988
0.5217896506998151
0.5256277280292989
0.5245740704189755
0.5242711733640959
0.5312725489870378
0.5202713686370396
0.5245267891973515
0.5039087917205652
0.5134380554135823
0.5202787591375291
0.5156183467837027
0.5215950059570765
0.48993923053819516
0.4960993714890284
0.48702267403349636
0.4931096780456832
0.502729778377834
0.49930004352543617
0.5171937664675121
0.5307128409226324
0.552129122071681
0.5394648370941256
0.5307787627516087
0.5483315000153511
0.537052032702363
0.5912086724185246
0.5536267359405305
0.5818296702611626
0.5876943564087643
0.5938069873415251
0.5894578033759136
0.5629437660518871
0.5610292066145764
0.5654969182891616
0.575217286721472
0.5659355730918093
0.5344321888800139
0.5683891267049138
0.5736014528057071
0.5463667402972833
0.5582535206147876
0.5577545492378138
0.5689425287467335
0.575443051688833
0.5596337749722408
0.5517010812422923
0.5445512094299123
0.5442386184954437
0.538859374243866
0.5477141506832736
0.5448837799221693
0.5426564401209021
0.5211880860690193
0.5745258202909582
0.5731840359232713
0.5641250296026427
0.5685654476317287
0.5597281555771939
0.5541095116663513
0.5612706254772833
0.5443782150255011
0.552738814684292
0.5565262497338467
0.5590473841815412
0.5594471471910896
0.561745343705976
0.5516597137731473
0.5491096383499275
0.560170663560761
0.5780433016423959
0.5648570590490359
0.5492349295505714
0.5329941352105056
0.5271720407691021
0.5483352715040233
0.5158913636971719
0.5048047809256095
0.49966379593871063
0.5326049073078474
0.5482088731365294
0.5309808644273428
0.5273263134587585
0.5182958258244211
0.5101594890227503
0.5236797878465479
0.5328170560399793
0.5433794386863564
0.5393577924641207
0.5327450711095857
0.5471225527787539
0.5046095515292829
0.5604100572445178
0.557932571645136
0.5797070703336893
0.5590897172073844
0.565976715932632
0.5509937360447342
0.5583205804881831
0.5529545245580073
0.5421449581963027
0.5408838776274187
0.5584412017621108
0.5304165746419094
0.5369773104450898
0.543705598603587
0.5506547009882573
0.5528500237135099
0.5385894316789656
0.5526601453306889
0.5357822652175195
0.5453403193538277
0.5355465036883279
0.5238102123683512
0.5324677456936093
0.5251136034175425
0.5346012731303946
0.5298998190049348
0.5337647184706018
0.5385630546669431
0.534848817859144
0.545593099562044
0.5575005640841084
0.554433462520895
0.5561453809618231
0.5678579503002068
0.5558117736382502
0.5304391278541856
0.5584340456007089
0.55642320781809
0.5570396254247909
0.5819696619324634
0.5756862930227544
0.5858692252923366
0.5822260846838533
0.5872416840349229
0.5595132693796786
0.563902027948479
0.566355135248397
0.5708594916304113
0.5743408309473524
0.5684649561516896
0.5737505820388675
0.5701161417065802
0.5771345928364866
0.5698530180060223
0.5883822794447527
0.5868143811888683
0.5924620439854417
0.5832937856688301
0.5842391945434222
0.5767640057113714
0.5857402383271527
0.5945709499860351
0.5996017195985978
0.6044588593998576
0.6112509344860634
0.6151781536634563
0.6119148183888877
0.616166179825343
0.6069042380351789
0.614208606737305
0.5798055798808701
0.570771739044279
0.57775370682648
0.5664537123559659
0.5715114851844285
0.5760382470444596
0.5835580884836548
0.5762541716120143
0.55527052135505
0.5374335635865328
0.5289256206997842
0.5334571572808818
0.5503466250507504
0.5534191177588654
0.5625786488903491
0.5453454953339725
0.5589823560920152
0.5638328411894811
0.5457053305293108
0.550152464985384
0.5544922004353814
0.5561395612783804
0.5428002539436889
0.531817778790174
0.5224266195247637
0.5346382842521673
0.5205619261305013
0.5361078889407936
0.5411944203335525
0.5462656432084266
0.5513388373648012
0.5563425577554234
0.5567237061359757
0.5578857890708325
0.5496687031600406
0.5894775669040812
0.6049782495759474
0.567174907380393
0.5509214374429426
0.5646011190016409
0.5692264170784122
0.5525970837418676
0.5469469544617911
0.5506390480317904
0.5543102848354299
0.571423540480307
0.5717306051630476
0.576000487594078
0.5791866581679476
0.5887697280950998
0.5605232683407341
0.5873070389160874
0.5652788994001086
0.5710416074647029
0.5635509542488827
0.559853103069935
0.5577150639395508
0.5653765041124095
0.5671434266498847
0.5729998901917933
0.5676268752596071
0.5809972710715974
0.5868281440197342
0.5803570787437589
0.5905503565020778
0.5718035080963528
0.5543588314181587
0.5507855975146999
0.5665030789817628
0.5556502057110776
0.5478659544994208
0.5323825475414216
0.547175496512059
0.547971451991765
0.5548077416476668
0.560234557438858
0.5585115153205248
0.5654570077514441
0.5718194710146569
0.5804812385739997
0.5821721535326739
0.6002721754319854
0.5868814973221123
0.5772229969769926
0.5848959390738763
0.5799551341461325
0.5454628857710546
0.5320262062334645
0.5399897730145519
0.5456382375194655
0.5365066324009594
0.5435878436808088
0.5487598458691021
0.5723815230118957
0.5791509265885291
0.5826992200771105
0.5742198506866446
0.5790638490062373
0.5827396660531164
0.5878085297688184
0.5879203038801799
0.5840339006190469
0.583620390638474
0.5960191474128737
0.607760254078604
0.5790632921888503
0.5582766694447003
0.5662390120236761
0.5838917087566562
0.5904720905945258
0.5814669040771726
0.5879304994858914
0.5859887156712432
0.592107674213049
0.5610362598267059
0.5412887664370424
0.5542826903016754
0.5619695686300097
0.5741787078897098
0.5340856814143659
0.5391396386054367
0.5542146446673578
0.5647126592534398
0.5347980268423357
0.5607323087279839
0.5659244753587819
0.5743883887361246
0.5892224732468561
0.5721487149203804
0.5746475025156929
0.5773967662950267
0.5772175066212558
0.5614505817702798
0.5697404549664473
0.5626302954443958
0.5884461434529337
0.5762596975901412
0.5468786817511405
0.566122670508829
0.5408927439272122
0.5416582392654465
0.5340868854844028
0.5439934458718503
0.5507632805483325
0.5451048835611599
0.553167147674922
0.5408629509446298
0.5465093286649746
0.5404874000674805
0.5495794152224222
0.5581774132796851
0.5657390108532546
0.5721294075295469
0.5596352472706629
0.5669283407727718
0.560772286560331
0.5943879443202652
0.5715754214873262
0.5743019531652074
0.5675968834033391
0.5637613579885207
0.5390758295264191
0.5208225526239821
0.5261888069879574
0.5189703911068643
0.5240092973448147
0.5358576786942351
0.5175631590840363
0.4967920587525009
0.49387415176083904
0.49954250171212694
0.49362576557467797
0.4994366856254969
0.5042361782265444
0.5049198014720395
0.5093860905876071
0.5058760164189063
0.5029560062994027
0.514493142180864
0.5246045908704676
0.5328329489781747
0.5399511351185345
0.5470781175780526
0.5138072495698414
0.5347381073871053
0.5492503856317967
0.5695567931518403
0.5832485979098407
0.5907844756332994
0.5846521088861926
0.5895353541388939
0.6221646803734924
0.6012888357676833
0.5979947914206626
0.6074604051679654
0.6147314447989466
0.6068529485293805
0.6185701065132585
0.6093505102831412
0.6167601375867979
0.6195396016414737
0.5904843040918841
0.5910271423995896
0.5884917813131957
0.5726513125766369
0.584023131374938
0.596236767588446
0.5959967777472407
0.5488591851157044
0.5625606474218691
0.5510592619978815
0.5690447372980453
0.5530776829543227
0.538179672960172
0.543533587518636
0.5045729240156338
0.5005106585155858
0.5061286441825849
0.5118621492388343
0.505170328316711
0.508793963960649
0.5138653556376417
0.5223489721649507
0.5308888675980687
0.5361990232526443
0.5445594340449816
0.549950727985054
0.5471673768893804
0.5458824502135973
0.5583418674741479
0.5773563684365698
0.5696957763089159
0.556916041347736
0.5533651093806603
0.5533452642080349
0.580694782525282
0.571764516333684
0.5618209465406622
0.5931753940690179
0.5498239471414007
0.5400850770228621
0.5430169081867836
0.5527075865098218
0.5574118771524849
0.5550613145785918
0.5442970297576378
0.5495305871164127
0.5543288910381848
0.5519844686823403
0.5602909024268957
0.5819257313346909
0.5824586925875467
0.587547180887611
0.6140122889387832
0.6036291628235334
0.5889375162331087
0.597057969286809
0.589216253147936
0.5948699895460589
0.6015120063747131
0.5695424385019142
0.5746212585874662
0.582616456236704
0.5882950615255337
0.6022460756366586
0.6079020957895609
0.6017069752341971
0.6078170911266686
0.5825418232759805
0.5777549006633899
0.5288385082951438
0.5643886707158157
0.5623438858870773
0.5389495112582805
0.5371131264054527
0.5489856288350345
0.5340696475232316
0.5333143290791772
0.5375065151089956
0.541797590149913
0.5504002010230817
0.5629040738422355
0.5548594578478926
0.5475763902265266
0.5525057331271438
0.5571280785247519
0.5327561917749314
0.5452209086726055
0.5496662619385919
0.5464866161719263
0.5405660577392997
0.5447771576239901
0.5508330665826335
0.5303852038807128
0.5203311109859836
0.5252815945482984
0.5301504792205248
0.5596520776998798
0.5646756911031191
0.5884137546744178
0.6060779533559536
0.5919651711956411
0.5892850084487713
0.5822025127935919
0.5895493084862711
0.5769097425875909
0.5790819146040395
0.585657325166811
0.5925139100659362
0.578915728874469
0.5717253347722485
0.5838255143224645
0.594954637913927
0.6015470167724939
0.6081563267250557
0.5947961160687157
0.5923776354410641
0.5874814345972234
0.5955251060072908
0.6065553287234725
0.6101648013500107
0.6078945350508322
0.6118539789675889
0.6246453018952869
0.6133616451668716
0.6093154103581492
0.6240176013590024
0.6449051246071182
0.6502647772767282
0.5885519297069591
0.5613769086164242
0.5609423240570447
0.5857029576713308
0.5659679762804534
0.557471717929409
0.5560004245429101
0.5657980963993979
0.5733885084596306
0.5469331216153944
0.5552519592492469
0.5550881964625388
0.548900372444074
0.5559385443655614
0.558431216174148
0.562774009098377
0.5626235311496063
0.5690666433454361
0.555520765986849
0.5612856790753021
0.5531612999625218
0.5529052486493234
0.5624707248083026
0.5690425204537145
0.5704274469817177
0.5772437941446265
0.5840652657102139
0.5740621473213018
0.5718484728312315
0.5904114142741135
0.59275456536361
0.5695868161451388
0.5579390444796204
0.5839868731054833
0.5893301542386375
0.5968511267197
0.6102721544570324
0.6311509825770345
0.6360583569784399
0.6399146062292279
0.6439124762568981
0.6478931569825142
0.6109341863426464
0.6163288143820255
0.6090566985235991
0.5910481126923707
0.6088811296033545
0.6025116214909397
0.6249182150780339
0.6153645407122715
0.6028607077925476
0.6363486915712618
0.6244766516830444
0.6175005949818533
0.5872459560932034
0.5828654349454179
0.5677434876764226
0.5764753056956576
0.554248041096106
0.5655785592855129
0.5724621851164061
0.5736710379605151
0.5802146149753258
0.5866802246718505
0.5930829947752174
0.6045046197800897
0.5822221938167264
0.5956057122465704
0.605382071497995
0.6116670893747908
0.5840980780633054
0.619490902091222
0.6169507691298328
0.6379635945610019
0.632852065413675
0.6159931892069997
0.5745902217117282
0.5865901268348513
0.6022289967907849
0.6354360717321768
0.6062923753972581
0.6208560199573209
0.6260859458037581
0.6340090093206975
0.64173412159555
0.6493174490803254
0.6504812057276795
0.6580477339090386
0.6614914188234379
0.6274762487202173
0.6351324923536498
0.5914703984172867
0.6069841933600494
0.5779117793295921
0.5879355124158988
0.5734399049424366
0.5431239297620823
0.5502902704773596
0.5314553189074325
0.5733786733354367
0.5802905089183296
0.5563759194681149
0.5537506393382746
0.5359339852927393
0.5369322316085862
0.5287948395142285
0.5195098636045496
0.5262615097978577
0.5330924961545614
0.5201991577085799
0.5113353943554024
0.5161185190182448
0.5207280466346091
0.5251900647036886
0.5299899319222984
0.5239874527524793
0.5326326161203127
0.5234870312534236
0.5260231769030306
0.5091838642163607
0.5410626638069359
0.501176219014843
0.5257158588806542
0.5121001675850059
0.5035297094402508
0.48734969107044385
0.5172012294150817
0.5105976008193331
0.510092171983464
0.5162229857006068
0.5167934468180224
0.5312182167108924
0.5363351195090458
0.5410786327490725
0.5458107322845877
0.5504378697327269
0.5548071158153377
0.558887825982724
0.5529186324123546
0.5644221072362512
0.5758050085976882
0.5718860882548268
0.5594392825486831
0.5451336517570021
0.548504522787838
0.5611933949169804
0.5456984892347256
0.55408948657752
0.5640093630425329
0.5689099429263249
0.5510131601872129
0.554803085707382
0.5599373430439344
0.5677459756824488
0.5682629655834973
0.5738245336852706
0.5636127307215365
0.5580245974619785
0.5636528008200804
0.5583526285758095
0.5464076579536224
0.5657484169937504
0.5713045663391705
0.5879437011075138
0.5857609618386714
0.5911032049672631
0.5765951391890882
0.5549478893641157
0.5602581162653323
0.5654752706041547
0.5829091818757263
0.5544134844207466
0.5612581292417453
0.5832040362339103
0.5887594515595446
0.5941657397975216
0.5882633032791085
0.5988399582408399
0.5946836066792207
0.6025409706036708
0.5975211694271451
0.5836531913613174
0.6080290152523578
0.614511433172389
0.6135688221713449
0.6009196777235756
0.5989241190792188
0.5867870263169349
0.5758028398834011
0.5889509839945571
0.6176131251737724
0.6242824320981106
0.5678661687285446
0.5975402269779679
0.5785160318255517
0.5899218605471482
0.5954024235317434
0.5975937562305814
0.6031520010530149
0.5978364272161268
0.6039413900822642
0.6100103210824893
0.6176256604464518
0.6262477874332467
0.6074835214841118
0.6226165891565996
0.6325542039264384
0.6278017817128742
0.6225240212591846
0.6241288289814696
0.6184164948340504
0.5846545723281561
0.5854130910131283
0.579642040536777
0.5930812965195578
0.5778873379883723
0.5759393415532856
0.5694441142771001
0.5595127565929963
0.5664128363101945
0.5760190716779551
0.5770114624672054
0.5733447462231159
0.5825668875867229
0.5819606856307543
0.5711849368183123
0.5754858061307497
0.542582268338731
0.5547697846303608
0.5613531006795665
0.5607367985329539
0.5654261207290214
0.5698539335254031
0.5899730724016745
0.5710307219417718
0.5718792867230551
0.5655639212304464
0.5583953018775948
0.5948168395176182
0.6097262007091235
0.5889301618864518
0.5955454564901502
0.5932345398070906
0.6188856945731039
0.6222078202004961
0.6130146148207911
0.6201780238887498
0.6261730547018053
0.6297829757409743
0.6345678598318876
0.6391346460494642
0.6434820829324344
0.6479337361028148
0.6526205601703705
0.6465806528796104
0.6454605843733233
0.6364406448446667
0.6203599655592615
0.628441133503639
0.6175641711948179
0.6217925004012932
0.6138783066703714
0.6138871053676636
0.6275587522234236
0.6356544537424231
0.6274702360769766
0.6279359005728957
0.6309329324622389
0.5889876207999091
0.5949738085338082
0.5871070581851241
0.593356518745945
0.5992257784832088
0.6056828075342922
0.5631200779358376
0.5549471229562812
0.5745135141902039
0.5636808047289162
0.5327687349292968
0.5390823138055
0.545100431981592
0.5519943851101845
0.5589544097893671
0.5626134593216284
0.5711905742195288
0.5795837437131189
0.5593596196934997
0.5658596973203301
0.572678756765807
0.5311195153119704
0.5445402695855335
0.5345556268505472
0.5151459660335971
0.5237775366325278
0.5312398011053202
0.5374812139943643
0.5510032149370626
0.5575322973744995
0.5519226591818662
0.5708285127094965
0.5774814537521163
0.584207562300874
0.566453331080984
0.5635817354862434
0.534361455477782
0.5441179048403335
0.5650847526220227
0.5647741449450803
0.5736613251968037
0.5531794544540677
0.5466988719254459
0.5470876732103388
0.5559719111259168
0.5536024466909318
0.5591207109937971
0.5648221588438823
0.5594071219786497
0.5604683834430497
0.5666488586988638
0.5727779599492846
0.5789031722276944
0.5828272632825908
0.5887057744838807
0.587134668598842
0.5926336723255115
0.5963387250087767
0.5912438883472021
0.582985553992001
0.5911237662628346
0.5977190627442025
0.6178115527263576
0.6156642169423253
0.6056967623404499
0.6287252361509067
0.6310852623182776
0.6271296005213564
0.6635161116334938
0.6574213558162494
0.615850434297134
0.6081914965296309
0.6025127240398974
0.5956752283333446
0.6006419332880808
0.6013417914677593
0.588093837233601
0.5941603768812084
0.5829561096956223
0.5884534553337243
0.5969190206931095
0.5978948945548
0.5940607233282534
0.5930985582421744
0.606979658157626
0.613223376960411
0.6177774339317438
0.6241274290827218
0.6223203679692018
0.6417141372397566
0.6229672467261387
0.6448857442603357
0.6485787417531608
0.6280103182496023
0.624263569003331
0.6171252122780401
0.5704130954114242
0.5698804434235271
0.5549675640600084
0.5559696504293046
0.5799060125227438
0.5889546658056876
0.5670883831038699
0.5509182433877522
0.558372176746659
0.5669903062215756
0.5719187180004336
0.5845102653055022
0.5797477273337304
0.5857958768844241
0.6035809074864182
0.6061669947700193
0.6132364686051515
0.5849635074050455
0.5559797229468502
0.5405831336544804
0.5282092927169864
0.5328360483631909
0.5265869951464796
0.5231309242543675
0.5272001102290523
0.5447198016580584
0.5408359340882726
0.5486276264901563
0.5262636641199846
0.5017305113886878
0.5070223582715269
0.5150996917624803
0.5299802902383915
0.5185844135585268
0.5326611984878121
0.511858459900833
0.5366347988569589
0.5344180673186618
0.5509639961312028
0.5511645357162488
0.5485673463648175
0.5687363843372126
0.5713997716188285
0.584203124340769
0.5696208006275064
0.5527773481168441
0.538808982289739
0.5426492441681697
0.565252150933606
0.5735329417003676
0.5624134252796181
0.5704509128592176
0.574010230385089
0.5585369416550752
0.5758060839953233
0.5659170683195168
0.573887099852709
0.5661305381098646
0.5583929131775722
0.5520450448643991
0.5665793530787043
0.5735284857573544
0.5637430055008242
0.5757363549907526
0.5865471573050799
0.5760092665204904
0.5817139595042595
0.5629187749215034
0.5276903710118479
0.5331937095876802
0.5413195460799596
0.502177231769385
0.5152867936871364
0.5188752931451516
0.5054761766804795
0.5167959594807701
0.5328536645651242
0.5409461251969324
0.5427049105963212
0.5626383462991332
0.551264122118298
0.552806626163015
0.5651112344824336
0.5629594838043228
0.5243320593618787
0.5514163186430778
0.5836704108401073
0.5994611424516506
0.6061391935080513
0.6049513730623838
0.5870272187981412
0.594826010967541
0.6155524960263015
0.60632499775236
0.597562658465674
0.5959585443003843
0.6021407503922487
0.6078531797711069
0.613390792007372
0.5981338727997199
0.5936469194536363
0.598831843562865
0.6043053880715786
0.611013943397543
0.6038331983696162
0.5917114261952173
0.6089645938436036
0.61431466721908
0.5925119440914809
0.5970835191373717
0.5957012436356848
0.5978555823358167
0.587669603063518
0.6083884507463212
0.6294282272638887
0.6327913726017251
0.6262036691591274
0.5781248556206035
0.5883297145656087
0.5996051381410512
0.6092173593450105
0.5929052361606886
0.5640313321856494
0.5809772303758042
0.5817454576280087
0.5736371216841881
0.5663917752092363
0.5612751535311119
0.5522549846081088
0.5557193509615053
0.5505815807441999
0.5591496877345251
0.5560245804526467
0.5589573646140291
0.5669975963017929
0.5660183645223292
0.5488159897359978
0.5529684108381849
0.5503012667753244
0.5431750984124295
0.5388222857531931
0.5559897296133529
0.5598208187356373
0.5471465119076476
0.5426638979868251
0.5369259144083416
0.5421473736922224
0.5516882822748919
0.5666742822437351
0.5527744729463461
0.5603971516697492
0.5529803611769206
0.5584760869650217
0.5705412636300642
0.5737156924554488
0.578313426086441
0.5718504009291194
0.5827645135705908
0.582960941093729
0.5852696500613475
0.6037429926882275
0.6092630724689235
0.6105492894174513
0.6085393159536105
0.5873869393564312
0.5884110819444953
0.5951373334856366
0.6094505014407016
0.609502663424014
0.6243841073001738
0.6198792345417239
0.6361895035962887
0.6168563651395135
0.6056893749190373
0.627150940186477
0.6004616471772564
0.5874815923524003
0.5807878551243016
0.5860337152677899
0.5885653346502228
0.5882516014884213
0.5837733959021624
0.5964598097938373
0.5978513866737463
0.5847615705397099
0.5973519531158347
0.6161805050914015
0.6230574881160303
0.6154374373627239
0.6286175626989722
0.6184738586881817
0.6108098793961874
0.6241477256255756
0.6304691557469929
0.62474396307576
0.6490697328714085
0.6566365380953204
0.6642663807879744
0.6430104686483598
0.6459888823423809
0.6603063460670104
0.6307859944010293
0.6256357624381504
0.6596207984301622
0.6279528716469229
0.608176742190857
0.6110451049212854
0.6144770796733037
0.6159897777644702
0.6474339583310788
0.6269335916192436
0.6338533017704563
0.6407394065470579
0.6389226249872367
0.6506371296446093
0.6334753371918436
0.6146013526409921
0.6196256687388702
0.6270976207695934
0.6131794351242331
0.5981245266917087
0.5907699308327246
0.5953931522623545
0.5682662525783563
0.5730995107545023
0.5759207103189703
0.5669381552268723
0.5875383338140789
0.5702439849278442
0.5654621943761649
0.570888990232855
0.5763593895293179
0.5827932714035549
0.5882646821182025
0.5937818049988395
0.6005375861580059
0.6056741263225324
0.6136613521877792
0.5975963015909913
0.6084639741240957
0.6168883986132774
0.6268086381419109
0.6131887670342985
0.5951511999462475
0.6304754251465273
0.6137226441444742
0.6112350972019557
0.605069198070929
0.6161502550790386
0.6213984465331542
0.6266263815863016
0.6318230527735867
0.6332746344570731
0.6220859679492127
0.6249859355789351
0.6245455777875081
0.6225115530890142
0.5993560960573306
0.5992737248312342
0.5841121056347781
0.5837220496329454
0.5794955835820974
0.5856311156036027
0.5899776534570953
0.5659855173594188
0.545913673331832
0.5445695967245718
0.5558040292413781
0.5639490010762152
0.5698801387919672
0.5764698737815672
0.5769306370880865
0.5833447976160745
0.5816915471088586
0.5885820173747364
0.5956405188790818
0.5627053261552223
0.5507365767811133
0.5494530599987968
0.5569549238616449
0.5466418435423961
0.5356916328934785
0.5418681532882632
0.5415616455958919
0.5588787089125304
0.5551737863448493
0.543742065250011
0.5579264860868226
0.5617943422795856
0.5657312769804809
0.5506890878534653
0.5614009503369567
0.576916854627089
0.5797241595795927
0.5848596433604352
0.5883836606486285
0.5929290822950057
0.6153927216283985
0.5860743137892221
0.5683736047610856
0.5758749768346634
0.5785006328104246
0.5675223954929134
0.5728175311900331
0.57055015749027
0.5757397805536681
0.5734493707500871
0.5509354985529897
0.5553534846579293
0.5525501266875342
0.5564616126833359
0.5438851307522382
0.5410841955464147
0.551555937654287
0.542225503542899
0.553123046803067
0.5576303933233683
0.5623070915605565
0.5652943135954938
0.5445531742473058
0.5319760810708974
0.5242080581363114
0.5407811052285133
0.5292183126153169
0.5599087806377386
0.5449478864780708
0.5530099121670929
0.5534562517036702
0.5548008983971742
0.5592605487859851
0.570072261527502
0.5756446350562154
0.5811969901261076
0.586730245403539
0.5921734013024363
0.582890944079983
0.574717815401728
0.6028502387119022
0.5910246483443962
0.5965541179538466
0.6056776402468548
0.5725145367145706
0.5337582409446345
0.5411490262222667
0.53096932246732
0.5388168023802256
0.5453460460873739
0.5487787036241049
0.5547366963087964
0.5565096563984789
0.5517512159314831
0.5600709651849421
0.5649577378776588
0.5524591280461476
0.5533313987622315
0.5463701616233438
0.5637809374697527
0.5611343367019563
0.5562484167059107
0.5534030829825637
0.5584329615848224
0.5626632197084266
0.5668940946564756
0.5522304012371236
0.5572527714569294
0.5596900297021427
0.5551234192462645
0.5568647582794316
0.5615247802386566
0.5755551579019708
0.5568091820974324
0.5507943426608388
0.5445292858181424
0.5486954465603429
0.5430640343728504
0.5482448105183649
0.5534208305293481
0.5535905409641739
0.5393131318720097
0.5438523788993386
0.5459121022852909
0.519934477554883
0.5187214204047097
0.5351499631957556
0.551324754865605
0.5186290300457805
0.5327802867434265
0.5568716689796633
0.5627571128627947
0.5688835262863994
0.5754081143982616
0.6017805405416652
0.6019801073021728
0.5941553026769628
0.6120909360595471
0.6053291985680673
0.5947258121257938
0.5832475510326038
0.5888820211433797
0.5906366623723857
0.5439931511789825
0.5469990186144084
0.5233372470901361
0.5426966566827308
0.5589911401403979
0.5636956992406162
0.5682351192193142
0.5624745348913095
0.5671204404676858
0.5618466934767133
0.5673209371078453
0.5390597169832404
0.5439068626543105
0.5492964070860403
0.5539665009807622
0.5620050189516116
0.5736283634001627
0.5781654393166539
0.5662709997169059
0.5529444683602962
0.5435102916628046
0.5472923401342293
0.5434121895261474
0.5355981559640511
0.5437992426889596
0.5313779211499389
0.5286306032330256
0.5326464968342646
0.5365633258571315
0.539665080365732
0.5434183893992114
0.5392014773969172
0.5264504690768766
0.5004509599278353
0.5012383318176633
0.49588115228132434
0.5125362421178664
0.5281898688364207
0.5183090503052017
0.5188726913525944
0.5143513832631119
0.5072670913270619
0.5008449334596482
0.5095649042963865
0.5133665781200036
0.5219118105482381
0.5141561659767928
0.5170394413467733
0.5268109479155204
0.5628736089423162
0.580187532182672
0.5785920574605671
0.569912393645905
0.5660041021194633
0.5832618099036767
0.5867762139598528
0.5900642372341847
0.5932474037671842
0.5992841550818252
0.6027625377272829
0.6063199124532107
0.6099527774465692
0.6135130004478704
0.6170261601868834
0.6036173694713584
0.6357601282136989
0.606894291933682
0.6034839450759844
0.622319700360001
0.6253512485581015
0.6032875570205456
0.6091252433739235
0.6000484224794715
0.6049121586555057
0.606422356751806
0.5824439136994289
0.5936081990229473
0.5994901703207268
0.5902887672308911
0.6146705512336423
0.6201509700255688
0.6075724309139622
0.6009995821848827
0.5891920150337312
0.5940442727548956
0.5992249808417518
0.6045122286477714
0.5869963875831773
0.6077535268003333
0.6141686620739926
0.6044885207346521
0.5847741449992928
0.6154098512896466
0.6047229937163032
0.6159480028012287
0.5989257190606286
0.60440084129063
0.5912086723360089
0.5791274789551832
0.5861053846707958
0.5772958685505514
0.5839165898894215
0.5904882523593512
0.5798624949901875
0.58499847234655
0.5936001877961146
0.5793308250537014
0.5655659708141422
0.556886407884429
0.5614383182095263
0.5591123724492859
0.5717979445376188
0.5745530353517604
0.5938370632617612
0.5487315925666573
0.5805199446275255
0.5822612611858997
0.6053627876838649
0.5671197255687511
0.572154764617464
0.5694661024963832
0.5714742536412252
0.5664952469840475
0.5587915896611036
0.5410547135271998
0.5251261449270367
0.5463709200754808
0.5539971056166583
0.5478631589632523
0.5384281528900544
0.5283880825899891
0.5383234077552811
0.5432141167374687
0.5466475944461157
0.5634940766137758
0.5483133053882902
0.5721285169691506
0.5772839585490824
0.56890632649682
0.5665899817956923
0.5802409388037801
0.5660705659075944
0.5693933822344203
0.5725835588100306
0.5755985323794339
0.5765475925248477
0.5813788719469339
0.6057029246992514
0.6059332238008468
0.6085129590797558
0.6112127243273272
0.6229788347096173
0.6270137731605182
0.6309562556740496
0.6261124402677841
0.6192750654613828
0.6386691764778849
0.6463003098675777
0.6540567971601673
0.6366248319887898
0.6552665157750506
0.6604351694374913
0.6317960623061322
0.6377782433563243
0.6282473659341186
0.6206033374865634
0.630326923062691
0.6362613662535078
0.6363831069500494
0.6514089532085438
0.6207479344487888
0.6266948109981192
0.6325317555753528
0.6388796336608901
0.6494800163101017
0.6025070849384263
0.6190754904623905
0.6266585486398907
0.6302138873294681
0.5835296354507096
0.6092776125508608
0.6056654180516347
0.615191062564184
0.5731644275672134
0.5856643777827438
0.5847607370167309
0.5678590620144874
0.5643233415688454
0.5695564612799956
0.5897968399743541
0.5471983836557895
0.5239608616511409
0.5133319047910612
0.5290667936472975
0.5116990304877825
0.4979696007386466
0.4931276365875878
0.49879623287585984
0.5087704283384695
0.5164683348895441
0.5137791912491809
0.5186829341255862
0.5236279650041781
0.563459910770716
0.5567618643446717
0.5604871280377542
0.5660846964547441
0.5718482812909162
0.5777432505164264
0.5837964026796737
0.5641936604564728
0.6033717962072133
0.5896504894411837
0.6016396944918205
0.585083320598897
0.612885451366677
0.5969801643822359
0.5687485717760714
0.5620137314896805
0.578568307245133
0.5609869929813518
0.5513443801335952
0.5632405503989936
0.5614269667435595
0.5668094754887165
0.5822570988110485
0.5725411710650175
0.5807654479728321
0.5734915460811528
0.5748548840140558
0.5639246940029025
0.5741098847481702
0.5583637459156583
0.5744439600756185
0.5789627876689623
0.567180105665288
0.5632486677982981
0.5683738857425118
0.5569946605741197
0.5536975772452176
0.5474128573026987
0.5617309330445488
0.5488728999576444
0.5503394695722433
0.5518147996203877
0.5464143661315065
0.5504469683370083
0.5606282415087956
0.5677907876383882
0.5738323358592279
0.5536945648460818
0.5408704981961705
0.5614425443686647
0.5677751846050246
0.5739291758400166
0.5799486391666148
0.561630965421821
0.5847600520452904
0.5632785165061749
0.5681149685717151
0.5516520905607654
0.5566106907797064
0.5627562475276625
0.5712321770624957
0.5792807534856992
0.5712060037202454
0.5616689941072965
0.5693652720345217
0.5776562313606467
0.5856157747509193
0.5876741654601217
0.56523148457823
0.5796166483549251
0.5761404133084889
0.5820566188753151
0.5855843481882049
0.589008022788408
0.5985880471079391
0.6031195124829423
0.6077135788557864
0.5922035247896623
0.5874294035161947
0.573912084121663
0.5614133400501029
0.5665278654891815
0.5746337452986523
0.5853482723956918
0.5916886093047556
0.5836999115244169
0.6007510307188947
0.5967808959297114
0.6099864038552205
0.6065650055945874
0.5998871771049589
0.6025950276555079
0.6147546172260854
0.6067529375457571
0.5832266240200299
0.5887160410209504
0.5959271206091022
0.6017189254234435
0.5942714518637531
0.6054605353521547
0.6369215418258867
0.6042346706971132
0.6108171626171973
0.6174707903589504
0.6083074401169976
0.613969940495542
0.6041188417873364
0.6069298429320196
0.6129387045894314
0.6079663191344332
0.6144200602232159
0.6083783804074604
0.6012386991820781
0.5968063825377723
0.5680225459173017
0.5563100147509343
0.5613258580561733
0.564646683976456
0.5689307102250807
0.5728072101031297
0.5689157431660264
0.5726985874168679
0.5764785222337032
0.5803873064609156
0.5691125874282396
0.5777042050312964
0.564386799629975
0.5552779062432677
0.5802804796535391
0.573458392803685
0.5893147001054088
0.5830692228981378
0.5762589965348615
0.5647715401955948
0.573940318983496
0.5527224059694352
0.5513126696142189
0.5545796216125728
0.5669526333456579
0.5568262908115658
0.5561488035625427
0.5916311345272006
0.5954538454636734
0.5918264482653477
0.573650165196457
0.5832460466245519
0.5907662431019527
0.5825566474376777
0.5754480862829863
0.5624843930860437
0.5731211056036964
0.5995240655763225
0.5712916400793142
0.5780917625199483
0.552672185142577
0.5588522182412988
0.5651036667615039
0.5767266503825251
0.5735762950791071
0.5796905460133814
0.5698695563370154
0.5656719375684067
0.5519798796414411
0.5308781209239295
0.5321546045471449
0.5370064793805699
0.5419654259191581
0.5469708042950365
0.5518076528643955
0.556770269346021
0.5615783514371657
0.5551376608285956
0.5617394094225561
0.5739360000138838
0.5904941448251928
0.5939993160166719
0.5443639611788547
0.5617370954638956
0.5401687705323218
0.5410750998143288
0.5518388915175532
0.5562488982852717
0.5536757825775589
0.5334835268943606
0.56785385858477
0.553978006307772
0.5757997511962426
0.577147670390567
0.5666515732553304
0.5306789832549561
0.5277629689852111
0.5461768858824249
0.5294781637117153
0.5349387990576099
0.5401471562543971
0.5044043450084822
0.5381173534541759
0.5166203811633708
0.49324065332367234
0.5287058217527377
0.5186640693220297
0.5274581618918329
0.5380114822201018
0.5364844276683056
0.5458094058511783
0.560630395849502
0.5665965430617257
0.5620478745896064
0.5592817416735902
0.5988996722852455
0.5825048220858482
0.5888950814168439
0.5242343698135911
0.5528214289617686
0.5737022317218943
0.5716610697869364
0.5866500650628835
0.5812654153251235
0.5855908786647391
0.5570603702256836
0.5749304371881434
0.5602575938593327
0.5506653876881581
0.5525318809443409
0.5505990590295095
0.5478508507382146
0.5445021605225072
0.5461319750650483
0.4960997194738308
0.5091544807101587
0.5298824668864692
0.5345549953235544
0.5388518124636084
0.5355015586557972
0.5329008753023589
0.5293106513449114
0.5495368013519674
0.5596973997339265
0.5683273277457891
0.5741771180116544
0.5731066840542804
0.5777956722771656
0.5824954541592964
0.5840071184887609
0.577605742002108
0.5910293308579218
0.5961223889107219
0.5950115437309262
0.5737112183161448
0.5749693591017686
0.5817981432449083
0.567426361728686
0.5690269237788624
0.5644449755783001
0.5585998634616142
0.5604154422649241
0.5630088905312944
0.5612403922788326
0.5596174744732687
0.5582479504835898
0.5462839147402018
0.5517559994561324
0.5566445625838432
0.5614489182525335
0.5661845636584791
0.5708367558957647
0.5710231210994099
0.5770134416241386
0.5817579826774526
0.5842830141175733
0.587903227765396
0.5874365362985458
0.5869061738756014
0.590336513663104
0.59387371046664
0.5825963686034743
0.5675213097609804
0.5728443428626888
0.5711771811351254
0.571192687250959
0.5669584169848093
0.5667633878434021
0.5563392256730135
0.5396064453614909
0.5390815724497119
0.5336989605675426
0.5223208255598943
0.5154786165828236
0.5135818851498664
0.4964878211060967
0.519453737590852
0.5243750379517065
0.5372518772811271
0.5438873705360007
0.5444182172185971
0.5592952133009117
0.5522758378730518
0.5636945942650428
0.5700088754072589
0.5651912132404001
0.5743094473330662
0.5721499638426596
0.5692450474452959
0.569854614455086
0.5377664766970799
0.5805498784183489
0.5941462370582157
0.5629985408766495
0.583544626355171
0.5897688782059664
0.5801652870700751
0.6061740417417443
0.5916716862052754
0.5878435408836419
0.6172631147090126
0.595588617173814
0.5984212907952547
0.6040431311402139
0.609201120550265
0.5948193937840466
0.5944160063200081
0.6009454661426139
0.6080034264742031
0.614042577353968
0.5890246355753432
0.5828308535826247
0.5839280487988692
0.5857354405338098
0.5722215834156948
0.5423100299606334
0.5747836004811233
0.581277187572028
0.5748643686565346
0.5757649217724552
0.5654792828336466
0.5715077218721752
0.5573565481248942
0.558632132873018
0.5568581995475392
0.5626395692066553
0.559820476965663
0.5673734604599285
0.5892504969730361
0.618417329792456
0.6007052584818594
0.5850819973729843
0.5682058696672851
0.5863299176908049
0.5814517781928947
0.5573151217450654
0.5716936168959731
0.5665228307472768
0.5944382304276393
0.5799228153747493
0.5790515763277607
0.5761320964299537
0.5835722268635375
0.5898514528683566
0.5868224412575419
0.6028559427726158
0.6119691522786178
0.592089434150612
0.5967924536316926
0.58623698065389
0.5809190307811433
0.5606762787592654
0.5320849423875827
0.5206722450616403
0.49824185878366317
0.47559918529099704
0.5108266116648583
0.5194110631552037
0.5137844280034861
0.5394323907186607
0.5417880999849556
0.5298560104009957
0.5277959039648547
0.5548071716743282
0.532839818154064
0.554861554298243
0.5620667862799443
0.564563416256304
0.5758067807838066
0.6042186367405991
0.5687716746057465
0.5831596177659846
0.578771700207494
0.582302045949132
0.587971279445892
0.5873437229092262
0.6001232597256979
0.5944561066270277
0.5867204120149565
0.5735413397385665
0.604285622750434
0.6084555055005672
0.6166631626189222
0.6247931339707843
0.6247836653635861
0.5517663016178426
0.5672054578828087
0.5820860226990549
0.5683650951709776
0.5672324675385838
0.5638166984748304
0.5644334894338952
0.5869914108875494
0.5828396060340861
0.5883607421215166
0.5930358013460996
0.5776083222631568
0.5632636737292241
0.5755910572169838
0.5803015124200087
0.5631345162986049
0.5476205452906575
0.5478339020188454
0.5160529476254694
0.5760285576442785
0.5641045935555308
0.5276041622623348
0.554021332591398
0.5536055248297458
0.5541418329770127
0.5542541101684489
0.5504074305128138
0.5558034692491843
0.5640536920805664
0.5562327417400329
0.5716667141070815
0.5784048476169061
0.5707077231427063
0.5714353417982484
0.5494894435709454
0.5421640583958461
0.5341550712238434
0.5476293963322478
0.5507789714968
0.5492738573426494
0.5543531164234801
0.552314372514908
0.5662668298883364
0.5540921580994345
0.5594884911763238
0.5407756999729945
0.5539624307752131
0.5518613266497632
0.5535258042393442
0.586457640295578
0.5918499458966018
0.5616241069638033
0.5829529205231289
0.5909123676893686
0.6016937043715528
0.5845544100482605
0.5864919988365195
0.593132271947591
0.5851922579882093
0.5962240927577588
0.5858732746640755
0.5851899486481938
0.5847590500875305
0.5709277104365814
0.5507215100615942
0.5451366737408345
0.5389794172319065
0.5445207584845561
0.5393052785315391
0.5119758270546615
0.518324299984741
0.5245027303742982
0.5159848177995215
0.4917427719037384
0.48061026075685037
0.46713386602123047
0.47339840811411615
0.47803388485661
0.48724499197181376
0.5056010879925598
0.49585173459624005
0.493854102197709
0.5056527413547535
0.5114177253354977
0.5147226984504716
0.5310617826820814
0.5462465158343431
0.5511033450336155
0.5726605515466422
0.564101690289019
0.5696149285865758
0.5626257199742403
0.5943629828581749
0.5988017583597358
0.5962093202872746
0.5474937066534105
0.5605625738512784
0.5433796755901785
0.547134330420182
0.5434064593045117
0.5497254208371004
0.5735113147915665
0.5777035744032086
0.5401011555893303
0.5595005783214367
0.5691343733301552
0.5689804879729548
0.5634454442904514
0.5619754587213373
0.567761543681519
0.572500938108746
0.577049234199271
0.5834116296550719
0.5560895163830336
0.5565761100551214
0.5395707696938568
0.5463314248079472
0.5186143983681751
0.5064360115483778
0.5433170936948976
0.5422899872448644
0.5418587504959369
0.5783431277283066
0.5716944202146265
0.5798145992023167
0.5876884000824667
0.561629294469203
0.5721125971448331
0.5643090345122531
0.5646019815382065
0.5471889678954537
0.507015600759654
0.5065694154743495
0.4822263424486803
0.5476031226702693
0.5306937778276901
0.5467609580820832
0.561327330431828
0.5464740983821184
0.5570302715665431
0.5577419606971266
0.5765417082009268
0.5680319892380751
0.5428029015788076
0.5332360815620587
0.5303384318940901
0.49226488853556477
0.4770411019985692
0.48147662196157603
0.48581816568891567
0.4928547125793219
0.4802850865604709
0.4958864421119543
0.5067401881362187
0.5113970352151427
0.5163194052377337
0.5185581648582075
0.5170820411174046
0.5217607036233111
0.5233793275691648
0.5322737370546955
0.5241067482893478
0.5311095203269244
0.5164931664658199
0.49193784767300675
0.5214404721570363
0.5211147680141633
0.523034133762314
0.5283199762633135
0.5350969249305485
0.499878325967089
0.5055761750161396
0.5110684700689032
0.5112354154134482
0.5123864344004174
0.5187037211382289
0.5250909617715048
0.5263689300475428
0.4957707897062855
0.5072590491586348
0.4981004828706396
0.49468083147826597
0.4993679323087264
0.49209964465166167
0.5011729908965309
0.47110805353319724
0.49932906642454833
0.5056023284203801
0.5077465066574022
0.49179738907777865
0.5015352938568356
0.5073240733727109
0.5068494221796208
0.5100873221812905
0.5288931488505321
0.5339337020851223
0.5537872535802908
0.5542426293583961
0.5631016220386652
0.570828117934263
0.5784001720132949
0.5598874926332597
0.5658010063681169
0.5804867565609069
0.5769085311378119
0.5673935588721001
0.5727963356532589
0.5799492438017115
0.5795729523823903
0.5742268318087713
0.5814629238898336
0.5868484879872099
0.5972623450665566
0.5759663558698747
0.5628821149946038
0.5409982331920219
0.5301483622113294
0.5190303539622224
0.5481998163462145
0.5463691507472955
0.5509718378390674
0.5423936613845398
0.5459887832377972
0.5487499385356159
0.5310743789086935
0.5557606423842467
0.5523348004209493
0.5560370119050184
0.5531060682436518
0.5571215382826176
0.5325993319427501
0.5635028369531463
0.5653140680971983
0.5627258696129457
0.5687574496748684
0.5749962345425051
0.5734956480401473
0.5747699853321719
0.5559007083850752
0.5613526978221957
0.5667507162064626
0.554198888193301
0.5807875433916679
0.5708913820971614
0.5773417256206899
0.5739235893243458
0.5710297803541288
0.5340109661547464
0.546409035894041
0.5612569931723831
0.5601119038533849
0.5604727486849899
0.5648561273444886
0.5566729577331225
0.5770567486104042
0.5667108765908753
0.5649950156818092
0.5587258983041327
0.5561461799129167
0.5645098648460203
0.5667187873774585
0.5708645163956003
0.5750358382789876
0.5676805580719808
0.5585979489319806
0.5534359373686984
0.5608745863171073
0.5655487477305878
0.5703303902078302
0.5566461527854087
0.5760262052027443
0.5774887413895974
0.5815027367691338
0.5764813693153666
0.5745051645243667
0.5632345884459523
0.5617816555467157
0.5797529514057302
0.5428207755807767
0.5456680701319875
0.5493655520132673
0.5530541046167873
0.5251222580112184
0.5306459119393577
0.5343153021445183
0.5382855160416544
0.5326673909285174
0.5353365854492728
0.5380394322237904
0.5407642115971425
0.543616856284135
0.5465704463286892
0.5217202380582545
0.526111060122069
0.5425796070121945
0.5328831773935618
0.5357642446885449
0.533648873710943
0.5296909016071986
0.5343454929285798
0.5389111837161252
0.5347008826232321
0.5313344772150512
0.534579548581631
0.5190293817497152
0.5228041946262942
0.5268668387657396
0.5309738748326325
0.5310919056306384
0.5352498425693819
0.5468145526463262
0.5348818369941418
0.524586118079019
0.5239639489899568
0.5082266733657412
0.5252052617069108
0.512029462169168
0.5163960974603322
0.5170368877611999
0.5188701543044474
0.5325656787093547
0.5241590750336989
0.546539600023389
0.5741379173437714
0.5495872261211041
0.5553735135155402
0.5420528070375177
0.5633736214649834
0.5701236130779643
0.5761940128013218
0.594915569304055
0.5603246256044451
0.5676102073693622
0.5515501227172145
0.5493296773391748
0.5365670108944257
0.5532605559571491
0.5080037698601674
0.5106421806835829
0.5165033116172493
0.5220315105316876
0.49211067595523506
0.4792572819995135
0.49756895621825803
0.5027164525839323
0.509594850569268
0.5383495784134857
0.5439788928088688
0.5409909846766294
0.5458514315462503
0.5442465965607893
0.5488008377774337
0.5523950524734094
0.5440187166444619
0.5616549073231815
0.5642213504286281
0.5718074880197778
0.5761249371094626
0.5850385430417542
0.5892106105821351
0.5874524600318678
0.5833259300757832
0.5922915841896987
0.5960648799580284
0.5998049120451103
0.6036085303850954
0.6119660467452689
0.616004943031985
0.6201900122236891
0.6214875214319167
0.6103667083856811
0.6200683892630977
0.6018140056945429
0.6045776690332443
0.6078462876005178
0.6100173271100959
0.6130242974993124
0.5830809480541591
0.6173005111631277
0.6287044852682453
0.5882815389972161
0.615770288957916
0.6140101779069101
0.6308550451098764
0.625309595513153
0.617498168400594
0.6219379534142623
0.601738316592411
0.6073233174180958
0.6184527766645086
0.6215945147073507
0.6042354051410918
0.5960937386313713
0.6154943932998661
0.604023232664823
0.6011559173933784
0.6003585734317631
0.6065242955296622
0.6108178172416274
0.6151425031573576
0.5892775544861731
0.6075278200079417
0.6066090215133949
0.6018577080016989
0.5973876571386926
0.5971647521106871
0.5899635771894017
0.5973343479747887
0.6026134495795773
0.6137753617061357
0.6225757667875821
0.6171804121822901
0.5984436390705684
0.6137174496933024
0.6114675075114858
0.6082102355294668
0.6171929879782747
0.6187248110693755
0.6226756016788294
0.6167852476331638
0.6212925745200305
0.6202576285739888
0.6018559309887622
0.6110495003510193
0.6079214686800498
0.5979529816698078
0.591547074762538
0.5923680219068671
0.5974142977011944
0.57050884860659
0.5356152583866384
0.5610485735416173
0.5645588047258377
0.5750002663086238
0.5802224725610263
0.5838172443280296
0.5891258690989349
0.5897435597550011
0.5569220690426454
0.5513734934705659
0.5923054870850175
0.6019571979685039
0.61752820170009
0.6009882171894356
0.6006990465776517
0.6029521068020958
0.6197235212850665
0.6153144582671868
0.6016370114335159
0.6081354253037458
0.6143849774314722
0.6120823529974804
0.5953425676358781
0.6018203989628895
0.5993164677795814
0.5636941982875769
0.5696015383827244
0.5953117080498218
0.5610646040712537
0.5700703356185636
0.5634405068134711
0.5348340349159754
0.5491169642090572
0.5266828182139223
0.522879166053909
0.5197125984716733
0.525737276300995
0.5312880696137852
0.5364623644824589
0.5413879324557496
0.5402229246910457
0.5447699965049403
0.5646416279188623
0.5453658836127836
0.5384769521986168
0.5494419997836163
0.5533750697589055
0.5466519381183387
0.5379912932573547
0.5399037007798888
0.5361561226008178
0.5170849377186832
0.5208036489078238
0.5253443754842702
0.5333025993580428
0.5290739318298613
0.5494539382566584
0.5051468295177765
0.4981434460702137
0.5302436709816293
0.5387751110932811
0.5239281265596774
0.5023953587520363
0.5235010318210285
0.49867171501175167
0.5104087891658624
0.504070167168923
0.5171376296539422
0.5098405820862458
0.5141682299055139
0.5180957989573475
0.5168524155401147
0.539786332850992
0.5485784025756916
0.5715350845273066
0.5773889087495511
0.5798290349526329
0.573738168532531
0.5671845413643711
0.5715286577894113
0.5757693869401301
0.580176064810485
0.5850188806276299
0.5817681670746248
0.5747729406000999
0.571512235731412
0.5491869830321743
0.5535676806530181
0.5579069827513596
0.5705505368730294
0.5754046487708027
0.5801953717194289
0.5475803756406692
0.5670167893852625
0.5431337411061715
0.5501132787926577
0.5593305401290511
0.5441938511198761
0.5408979407889665
0.5476053111114455
0.5450624563567902
0.559319870865071
0.5547332301371405
0.5611791972902654
0.572714689163003
0.5624289163558835
0.5708360851986473
0.5585675706341265
0.5697805917947998
0.5578569837734993
0.5549783403009592
0.5674060667249557
0.5705424605121646
0.5764921301217953
0.5824391508793622
0.5750567852553574
0.5780134572436743
0.5670423431318731
0.5463795083120659
0.5288198555120883
0.5428369804161384
0.5416690850994297
0.5477089685501468
0.5536401069066964
0.5566943232228806
0.5418018860013444
0.5315794753281647
0.533192342240936
0.5318063385592086
0.5361708534746012
0.5405004854150621
0.5471490442309241
0.5517823960451691
0.5690500557621331
0.5463778629656489
0.5568459192857939
0.5324852947810345
0.5384624941790715
0.5442856273094265
0.5417737853171286
0.5467474933855004
0.5516605621451344
0.5564375762253727
0.550986257307819
0.5550258482144952
0.5589724573854092
0.5562909443783256
0.5623948006639065
0.547676427396397
0.5512873860491995
0.546428107140267
0.544831435792477
0.5476969776349773
0.5506968593692184
0.5532914865156108
0.5558465807138468
0.5584202387670752
0.5614967666257866
0.5825645951047879
0.565310437960928
0.5783546879716004
0.5689336541991739
0.5598847319154086
0.5624545585706501
0.564538955854456
0.5594486301010114
0.5626030000230192
0.5739602461943834
0.562394254329489
0.5662013325052331
0.5697097580838112
0.5759051516086878
0.5753796399637355
0.5660794983759149
0.5692690008173871
0.565041088785516
0.5676932582280443
0.5557758346456836
0.5460828218993995
0.5610961816368525
0.564805066768511
0.5530612438414753
0.5762415825240649
0.5804767174793124
0.5943393384507805
0.5762662521769051
0.5610845278136508
0.5697936894000475
0.5410139111438338
0.5341687477197035
0.5761602139703788
0.5720808512506459
0.5688584308941216
0.5753615298504635
0.570953655905926
0.5811746500058571
0.5990514811236548
0.606665296753928
0.5861911376055307
0.5944226652233202
0.5790635261196904
0.5504229211252176
0.5777703548422378
0.5671603725271596
0.590261257009534
0.5805967499505267
0.5477039674017784
0.5455544251240793
0.5577586685228255
0.5514780935866952
0.5427661520566109
0.5283420234805829
0.5457662274110062
0.5457998805734512
0.5491319596406901
0.5522840335359385
0.535013343634808
0.5446210143621345
0.5393081127848757
0.542455541718932
0.5548997112334546
0.5352345851257264
0.5380918742884859
0.5301899802019193
0.5505313150098522
0.5720700731539842
0.5889984383619457
0.5684105162671839
0.5610057367785168
0.5664726393028275
0.5720123489544984
0.5773401287012535
0.5826212622356572
0.5941482757048843
0.593936296350669
0.6067445798686408
0.5913036074167688
0.5807842615856409
0.5834531622624397
0.5786712220958716
0.5873385055244962
0.5913637522747621
0.5872227021517847
0.5630750987784366
0.5540046187253052
0.5501485333772036
0.5628726709551686
0.5666140320557858
0.5628821335241168
0.5756643709180479
0.5789433359698183
0.5821752660066671
0.5700395270871648
0.5868641286998161
0.5927361663270728
0.5865761865637553
0.584384887724471
0.5763332847187906
0.573822983792573
0.5857778525894983
0.6011448767761891
0.597835021741558
0.5929721760755535
0.5952749910974424
0.5794729685401578
0.5833251744685942
0.5704908349289919
0.5627568792459344
0.5700270504233387
0.5656316761759401
0.5710099314423842
0.5647348027218329
0.5486086084766024
0.5582562017059982
0.563092477145278
0.5533085290087764
0.5680409773951124
0.593420846256503
0.6061627582518113
0.6011334586862878
0.5808183678554145
0.5778806340552787
0.5603524585289097
0.5605104716897914
0.5660077797206642
0.5735146754630311
0.5747402041197367
0.5482992811000231
0.5540265280404337
0.5597035655458551
0.5670796375814032
0.5935254710563171
0.5915052426797691
0.5887997901725096
0.5928762193216215
0.5982787801769208
0.5919992616409158
0.6095465808390241
0.6148507765571021
0.5887173388374568
0.5758313606009362
0.5520447694777837
0.5680683471825916
0.5532592614325682
0.5489071689338495
0.555467696984359
0.5358978211441985
0.5417422464784081
0.5472588156874469
0.5797192511104156
0.5753580271548611
0.5898895932607018
0.5951188512327051
0.6060734437056845
0.6075842827386047
0.5925652010008229
0.5989634324218169
0.5831084535335639
0.5765471303184758
0.5794765308710101
0.5869766656204815
0.5656461257396843
0.5721107524188043
0.5774161881970881
0.5826382291094255
0.58768711784148
0.5920847934570338
0.5803756618374776
0.5859386738539459
0.5897373685280244
0.5733117374587692
0.5814707464834541
0.5786905387192448
0.572372949764279
0.5787027758559822
0.5828527960349337
0.5873805171425002
0.5877110103791279
0.5920312543286846
0.5733486775689536
0.5669320237439024
0.5794523093246285
0.5888106176536303
0.6007870933764068
0.5596365450632468
0.574729212495556
0.5644164150301746
0.5725117928088367
0.5349083539554871
0.551113358854143
0.5724066818740072
0.5603736991719167
0.5681958544860646
0.5761878634844705
0.5782559908235637
0.6010486680865701
0.5913501067126836
0.584372059356161
0.591011228996103
0.5699811036805436
0.5576428776322397
0.5627077739223167
0.5731132781328749
0.5492533345541417
0.5397243055039127
0.5026000606369829
0.49099636242036865
0.5027965888205753
0.5092938302915319
0.4946771393606805
0.5003169656267211
0.5055254406889248
0.5105121276440561
0.5153821145735439
0.5130683095645641
0.5340576691745131
0.5392386979513263
0.5437031345178163
0.5489809545262048
0.5542442352627924
0.5514875708007964
0.5382141929105707
0.5681998101573725
0.5760562397387946
0.5582363821814096
0.572702500783875
0.5669065909737357
0.5507295545805857
0.5692094837009356
0.5696029746557563
0.5539837011416874
0.5665633460430413
0.5655635848938464
0.5638705856274054
0.5735704911166567
0.5864492531463522
0.609650219858003
0.6000616476460479
0.6100310291053118
0.6178389711708455
0.6224847209142191
0.6103633699300964
0.6118334116423577
0.617347060159654
0.6208928088292552
0.626658706269985
0.6377217547303081
0.6071923333555124
0.5765177232046842
0.6025941601175663
0.5984345782125426
0.5836140672903455
0.5714490643548306
0.5775233858033121
0.5723570772033707
0.5690969586525401
0.5723721648082992
0.567868064128182
0.5720902748028927
0.5754223813628847
0.5562638287060413
0.5617592415151363
0.5674584479127401
0.5710693370843136
0.5766679941465587
0.5820857978967443
0.5711424299047131
0.5667861423629422
0.5384352864435695
0.5367243443090561
0.5541180939731457
0.5412042612369181
0.5362151841969822
0.529331662463859
0.5349272714291368
0.5114933004142604
0.5159106627620249
0.5095598708019329
0.5146298645625028
0.519648232688753
0.5247221418817813
0.5211279235801717
0.5223195444865395
0.520890553014496
0.509317805087266
0.5231231416018214
0.5189227498083474
0.5198929355166669
0.5121686036437486
0.5030613031492347
0.507041047517453
0.5016300288132499
0.505703669850531
0.5097785621668468
0.5102619430312764
0.4934876957768675
0.5086633227678697
0.5040773929331045
0.5084410136122876
0.5114479352207744
0.4990844798690658
0.48835650518099233
0.49252170803063705
0.4898657043005936
0.5059197896005583
0.517656593239568
0.5215781534515377
0.5396331280805081
0.5434233150896316
0.5618010487940481
0.5652133179421519
0.5712459814013015
0.5752925697299578
0.551645589121891
0.5538882682173553
0.5308215450471732
0.5349978603665432
0.5522003707550133
0.5524654064167639
0.5544243692662961
0.5415567264715604
0.5496198344595263
0.5704190620736214
0.5596329439569369
0.5648574910951825
0.5596912043751636
0.556817102078661
0.5569010748929447
0.5735596678028814
0.5706880963576223
0.577113934863265
0.5927060439649285
0.5957634123364806
0.5999139199307012
0.6036897753457691
0.6094419573345404
0.6147109999863776
0.6061921426262271
0.6000441162128856
0.6001309770788608
0.60863276451165
0.5893158810736534
0.5858959536539792
0.5574806783400178
0.5640411674922696
0.5449434990941638
0.5523035664201211
0.5700621802126261
0.5739159374055222
0.5703133016965813
0.5744258842699984
0.5958746342351415
0.5857294785846219
0.5909417896248239
0.5872845654434529
0.5888649539795598
0.5984460387593503
0.5904531781414286
0.6100525379920216
0.6143766593211445
0.6066136519750895
0.5928177937848822
0.6032045749573812
0.5816709866693046
0.6030244310333764
0.5904275593224448
0.5768720336314971
0.5806957960023791
0.5673095162033783
0.5714947334268683
0.5645928650714159
0.5471347719691106
0.5628050788378285
0.5330207911755137
0.5479190842335045
0.5540582953356646
0.5462304199680706
0.536688294346006
0.5232910881958103
0.5397611442850339
0.5294368651879533
0.5285159399169511
0.5215356561022222
0.5250817796728736
0.5337889558610056
0.5429919705450322
0.5286443631615267
0.532508795643932
0.5240620252093786
0.5330888536056508
0.5491069351656763
0.5430213119735572
0.5309369441965075
0.5340707618788468
0.537082367816171
0.5401056769705627
0.5433014962960325
0.5431195459719351
0.5534909220231907
0.5433300177327013
0.5514048134476396
0.5590117645135434
0.5635770523536093
0.5674694417275309
0.5727514838726203
0.5511034935933697
0.5704058522260741
0.5435461171309733
0.5262779681935069
0.5293402835584408
0.5362734477483602
0.5331201993679681
0.541489291167203
0.5442795489306022
0.5292157038427884
0.5509253974619526
0.5852001024057617
0.5834339724334379
0.5984032435546189
0.5811500800316078
0.570189863061805
0.5769033626954971
0.5672701750937471
0.572388954105009
0.5678947849412155
0.5731828514928836
0.5648397966337227
0.5847724959036573
0.5661878250679684
0.5768740636242888
0.5780053823616579
0.5763048782078072
0.5885839451331142
0.5876714259927583
0.5673259370717832
0.5966512145404631
0.6252590235596432
0.6189463285257512
0.6235599190767193
0.5995793030682258
0.6058807906841959
0.6124175741386357
0.5764652343588134
0.573764675320821
0.5905694804033679
0.581257144461395
0.5646846598969374
0.5704974150931342
0.5757782902430889
0.5808562348862697
0.576453260337776
0.570344280237339
0.5759084960321597
0.5780022922732576
0.5697219612733772
0.5829687459212135
0.5790690318963068
0.6006732339058956
0.5962856142876262
0.5789558852788022
0.5822016195162228
0.5877236845181438
0.5894794045394759
0.5943415692697394
0.5861778496624985
0.5845974848582441
0.5796348555000564
0.5850697674772667
0.5905692674560917
0.596228946100574
0.5933728227372135
0.5993172877799864
0.6092676790167555
0.5886646666811868
0.6108134218397486
0.6153605680913896
0.6177489585358343
0.6020582857927285
0.5891761246442918
0.6002754982485106
0.6123002994104615
0.6079007854113198
0.5984735390823701
0.6026224255992112
0.6064796911317445
0.5971273494552968
0.6060543784704981
0.5991538357372693
0.604288042247736
0.6142285276585943
0.6313631868695389
0.625729855164304
0.6087692446345737
0.5974547970397064
0.6161882027336812
0.6128361821877117
0.6160052411405149
0.6082889356041299
0.5904611529596393
0.5946198584705297
0.6113183734986598
0.6074153373758621
0.609407568863091
0.604485462238893
0.5949967864044006
0.5914782651986074
0.5900077384521828
0.5982843766513734
0.5903755915557761
0.5990196405787036
0.5903148331375384
0.5846916807202527
0.6068710380502423
0.6117490302388144
0.6066995146414661
0.6118681361660535
0.6168100501964672
0.60254381814642
0.6283420745418502
0.6234932725050496
0.6126609547462082
0.6173495147001168
0.6223106194655987
0.6270017216520195
0.6254620175481956
0.5994577868436326
0.6077461493229583
0.6067206434475738
0.5967697577179678
0.6015684503412958
0.6059514269594125
0.6159374450797077
0.6275150248911331
0.6317026097903677
0.634175381671105
0.5917781642103158
0.5941718960588236
0.5871560547352423
0.6115122572300649
0.6349268978207522
0.609404008556995
0.6255922701527947
0.6201582787597907
0.6225990073971331
0.6270467285081214
0.6319038805957806
0.6180612977996014
0.6452404262782943
0.6432727821299281
0.6327834881720771
0.6165136028122795
0.5961123911484952
0.6044005676246581
0.6433983600720488
0.6428865741422295
0.6164360704971732
0.6137508083543763
0.6138171912861317
0.6154756671590476
0.6084882259707861
0.6186646029191345
0.6235290768912376
0.6287346764790895
0.6150518430103026
0.6109123048763753
0.6174356575621754
0.6274390277957792
0.6295877086190146
0.6124652183842023
0.6422038585376415
0.6390625583179561
0.6313495455338368
0.6387189448121241
0.6289445768432446
0.5991490422129561
0.6038117105221246
0.5975732312480544
0.6008673087059506
0.6059719462731877
0.595586639517723
0.6093641418700161
0.5894948465747031
0.5861006044081469
0.5915354277546283
0.5803757964398193
0.5707148567719817
0.572779884926833
0.5763413926381558
0.577945345090679
0.5623109070675784
0.5858402091130134
0.5902145870295236
0.5875683253067722
0.595284084151911
0.5872697303416892
0.5818058705816255
0.5734799393846025
0.5851870791112499
0.5871157466276792
0.5879210462871017
0.5768710166376853
0.5619532185420422
0.5771525343490431
0.5702234794652608
0.5760397654619258
0.5815697315986702
0.5871263600329717
0.5840800923936006
0.5803767417665776
0.5675518328100361
0.5868772080720942
0.558473556706123
0.5703404309554312
0.552763963841243
0.559111992648449
0.5447727029574914
0.5500040342318802
0.5390111222102044
0.54292168268712
0.5523501100524852
0.5570509677953707
0.567045087442784
0.5427458591298892
0.5638419797391422
0.5688294613333834
0.57391732250108
0.5791217313572512
0.5874036713515627
0.5911018933590643
0.6002515082095105
0.5723648760681193
0.5741263821459909
0.5785187425454635
0.5897842409029586
0.5750888770648129
0.5714570004076622
0.5876855912298612
0.59382114360895
0.5994085085449983
0.5941287108636936
0.5994600724006547
0.5943713778323281
0.5946604373647375
0.594124424100143
0.5694415483666385
0.5853833007056358
0.5907161913422205
0.5948761961358183
0.598738969882288
0.585598020084269
0.5889962041751161
0.5921720179546072
0.6018091744582452
0.6052162920343247
0.6247518210198384
0.6245177259179935
0.5980458404344916
0.6036139210044273
0.6040185778229289
0.6103050407277307
0.6195475597863948
0.6096229995149434
0.5994448192378403
0.6065013406083981
0.5850197373310294
0.5601612196776612
0.5664405208017703
0.5588597762289071
0.53589115070225
0.5417385437762593
0.5488939659951367
0.5374152575523271
0.5426771478347173
0.5634637149257123
0.5597103046540074
0.5432234108841156
0.5395263808089484
0.511011088302265
0.541724443294871
0.5130767150558554
0.5238363436959371
0.5248044267181401
0.5265872820237315
0.5436068090742281
0.5319847191391059
0.5062070892550812
0.4819572843898772
0.49029566087610565
0.4914183408382773
0.4757299166434429
0.4739587677859494
0.47864086812671053
0.4918417472819691
0.49901701439681134
0.5078325490929909
0.513317654625446
0.5303194475450244
0.54356110306786
0.5373611283830098
0.5294551884553143
0.5372546304677692
0.5498470151305237
0.5517857725269916
0.5449094851245966
0.5504999176168753
0.5326173881919293
0.5297183957979673
0.5391643249487851
0.5235147858179602
0.5113190071563432
0.5128214249785176
0.511183224357342
0.5141010342017006
0.5146119397917351
0.5201610747437196
0.5073499041077546
0.49387910487133413
0.4875434937563209
0.4878303105748015
0.4880801221521489
0.49763055898580855
0.5024361582479948
0.5211548185424111
0.5271009677845939
0.5221006811540067
0.5275876581028727
0.5088902071584572
0.5140551363055599
0.5112610309722514
0.5252226786023285
0.5411354253793913
0.5414636642411534
0.5449659506998761
0.5592155051983727
0.5402931995165936
0.5358625527492012
0.5501899041997056
0.5476824343793061
0.5517390996596585
0.5557567733878751
0.5501041060896991
0.5446977359097995
0.5487142033662771
0.5670400408012265
0.5743586190904935
0.5689399278688517
0.5817650875526991
0.6103632206421536
0.580868661863324
0.5894779549688801
0.5798030767501795
0.5841168375784088
0.5876231548595539
0.604447904202565
0.5900639053967602
0.5942795086448682
0.5985714552600313
0.5961710965408179
0.5890643675302982
0.5868236264890716
0.5881754643596424
0.5794440795343889
0.5995709933112856
0.607910612309103
0.5819868867138032
0.6059484862210098
0.6172364081342754
0.6057086790017261
0.5853530451944747
0.609856891337462
0.6223276086976863
0.620442937253752
0.62562802263497
0.624392722941905
0.6374857681066337
0.6431138678670422
0.6360713252649621
0.6480672225002285
0.639700173052485
0.6407240449364322
0.6476157349139643
0.6537618360351511
0.6524426824565218
0.6279821813381571
0.6294077857072531
0.5906233674885973
0.5916114049973664
0.5614374708359431
0.5658260303884427
0.5703241167841016
0.5751532635862237
0.5869677768850117
0.5381918799738653
0.5936434597695656
0.5988811454883439
0.5660447996257123
0.570963845129312
0.564440499136582
0.5627884758743156
0.5611361372978296
0.5477222859036758
0.5514661701792628
0.5732985114097654
0.5783695061871389
0.5782744166726068
0.5834507821679519
0.6057964070374097
0.6309961578401705
0.6299394709956143
0.609415445932773
0.630039249791612
0.6351559641420301
0.6308395958104616
0.6027526309551262
0.6233856279231915
0.6048019928159811
0.5954890182157211
0.600066979130598
0.602748746833466
0.5931872416872886
0.5971121367566874
0.5925980171231289
0.5935718287790864
0.5841704279812129
0.5866396039657253
0.6066595843767064
0.5999466499429417
0.6077477857656237
0.5828718142899028
0.5851387289577035
0.5900945136622796
0.5980293990917694
0.5996079177409978
0.5667911614348627
0.5804218730769831
0.5658717089478663
0.578097775758223
0.5959562823998444
0.5828249974057762
0.5998886958915047
0.5990186835512537
0.5969231929260291
0.599488517064507
0.5964692746201011
0.6086724460109774
0.5829943609860186
0.5805767741551164
0.5852534279102619
0.5784638790291797
0.5971291072384788
0.5965236719387289
0.6012812356037467
0.6058457078752948
0.578590136631646
0.5946373929719316
0.5978887615031773
0.5959905633467336
0.5848715821828401
0.5893148025962055
0.6040583513346215
0.5799489197700954
0.5869108585005057
0.5992971246995445
0.579513596566617
0.5980725697223125
0.6051090016943234
0.5817905025651997
0.5680895310922606
0.5720474493130293
0.5804281472953542
0.584646480077603
0.6087892108798159
0.6139495411569066
0.5997961328852792
0.5921818015190913
0.5862014426756538
0.5612687623582651
0.573954425281784
0.5784113579428859
0.5701175819471425
0.5737850808348272
0.586997996850823
0.6062232128313291
0.5944943167325766
0.5982543142655927
0.6017463999044509
0.6052530840223138
0.5974193152995245
