0.7214802316903786
0.6664870427887482
0.684829600453336
0.6506340726957383
0.6485780172756206
0.6335175962618093
0.6127514241677339
0.6153039302531913
0.579019411730946
0.5937507333202765
0.5449198164115878
0.5727365394314359
0.42149040750521916
0.41582591859887186
0.4612299968391378
0.4206419813892623
0.5001414051328364
0.43005916650443154
0.5385868017351828
0.4414041378458133
0.5761558636635578
0.4553581599850485
0.6132440375423064
0.4705547410955938
0.598741507834428
0.7663693257461891
0.6387166086707079
0.7677778299925252
0.6786909870853178
0.769207312064072
0.7186527876448712
0.7707115748518476
0.7585643200674771
0.7717278804719055
0.7985250735641027
0.7727894435438555
0.43256261207612534
0.6320955161603834
0.40199235445599746
0.6064597388358183
0.3641307718014277
0.5944315836629522
0.32455441362424553
0.5906192421894058
0.29544509539614633
0.5632395492814605
0.2663192426678887
0.5358237929526937
0.6637274370305801
0.4396707966725834
0.6650973209446746
0.4797797146261283
0.6776626340677233
0.5179002698974934
0.7018754122010863
0.5498434739274441
0.731312929784125
0.5770278659327285
0.7625255862555517
0.6020503505890584
0.47353236341768173
0.576591989008277
0.46904334207565
0.5367348180790882
0.4561761144738209
0.49858644774856925
0.4304551167671645
0.46761857459685313
0.396953405459527
0.44542730859121243
0.35966069873424994
0.43076940264002395
0.4287933302195539
0.6523509245614307
0.42058406794124437
0.6132251045893122
0.41076217559054934
0.5745633379960126
0.39156711799202687
0.5396437997317526
0.3645910859521881
0.5102723813810683
0.3337671614621576
0.4848896502313097
0.415337509420468
0.6050583618680075
0.44228756773933425
0.5754470010899554
0.47131155371777955
0.5478523678885732
0.5045930279112786
0.5255771650415693
0.533534893832527
0.498075102413573
0.5610805737587183
0.4690311198243535
0.3196426678727691
0.35214929192090966
0.3370397237397362
0.3883187737289712
0.3586021446079568
0.42269456868427274
0.38731304794506966
0.45083260940831194
0.42664543539161204
0.4556451758934585
0.463483976576474
0.4404383661855968
0.718600493427032
0.3311226278092629
0.708984216867862
0.3702417898385073
0.691541660612976
0.4066940216008278
0.6683089748598638
0.4398982286141
0.6340122620467322
0.4608790070328745
0.597444977509365
0.47736144390170526
0.4981757020385279
0.4310430292336824
0.5371921411965408
0.43981386096657127
0.5750676701267247
0.45272676751253305
0.6084965384581065
0.47477697425753923
0.6345789803205352
0.505109645088142
0.6546767096021932
0.5397420299304336
0.5072537774833817
0.3685951629387417
0.540335402394266
0.391078525468839
0.5732906988227768
0.41346790015572576
0.600976152199078
0.44192521082109504
0.6276442541172049
0.47127017490634204
0.665160162267642
0.484872467080384
0.6723464584094915
0.6546463241566766
0.7097940871570664
0.6406683049385204
0.744789243599428
0.6213759133856439
0.7748730568802739
0.5952517239849012
0.8056995657074476
0.5697963372549859
0.8374225361953728
0.5454265117395815
0.5752138755518217
0.6533869002470739
0.5705587118031812
0.6137651638894241
0.5574384747539499
0.5763319180649867
0.5586061526607256
0.53649487822976
0.55969950106713
0.49655069652540673
0.5585081952525254
0.45660395859239195
0.7107263681368252
0.573485027455465
0.743205411164404
0.5501601267430518
0.7755832561089114
0.5266735293758185
0.8079556982596249
0.5031772047718782
0.8403288125485767
0.47968211537790767
0.8726953551873263
0.45617841279358023
0.8085949959598565
0.3764963929481349
0.769737996952711
0.3672175418456753
0.7309118141273869
0.3593735519866236
0.6938915275490835
0.34446242584347225
0.6589152539876584
0.32484122559310635
0.624034606088263
0.30526038795589905
0.6227697668331207
0.6025639925824353
0.6424476278308788
0.5674876898704929
0.6600423491850881
0.5310702257781001
0.6657823737805618
0.4916086719387313
0.6650092640023079
0.45182210908582876
0.6724670735105952
0.41252559416594226
0.39774671157222075
0.7324912777734355
0.4111817966269808
0.6947748607419528
0.4232851378355413
0.6565497493566332
0.42869684691697285
0.6168698092623731
0.4266727835902254
0.5769378142286302
0.4242320872771235
0.5370135692267604
0.5291725609139741
0.4691409910915267
0.4892846565723462
0.46055873519154367
0.4491565724965842
0.4529078954469093
0.40925723451564355
0.44564050834707336
0.3703284363325032
0.43498906173029
0.33224217530428446
0.4225349323903985
0.8359402211954161
0.7383001625723571
0.7976703737687424
0.7499409802771599
0.7592001313931744
0.761679536575609
0.7189412199266031
0.7583953872971504
0.6801126120955827
0.7480732616787332
0.6414314433865265
0.7377433706606358
0.8935992271335885
0.5238659128560097
0.8580212167164786
0.5421140625410797
0.8223265025709653
0.5597709057826201
0.7867193468134684
0.5770600470522258
0.7528936074648825
0.5973144553047244
0.7215667158134045
0.6215197666629356
0.6558487782558069
0.4979246258266831
0.6828154192610378
0.4678759731719557
0.7064860224598806
0.4351056495760317
0.740043678191161
0.41296506366753133
0.7764765015056571
0.39629530936993096
0.8132798329503165
0.38058969874824605
0.3859529935241496
0.44514524951499945
0.3873369206772568
0.48498307259981727
0.37983818619674553
0.5239037303144062
0.356655828358838
0.5559643517523807
0.32606066769970216
0.580978447845099
0.3017602749719529
0.6126344022286558
0.6923109767926546
0.7720640974059709
0.6653775091802838
0.7426331613087251
0.6370077567486557
0.7144777375528522
0.6136396399182875
0.6821223378750243
0.6082130518851145
0.6427192167021604
0.6313867845033381
0.6099875425833613
0.7393637161282247
0.652328803408032
0.7274190877120034
0.6905797753041563
0.7160885991156003
0.7290540900787672
0.7053523610740065
0.7676468071544872
0.6962767137945048
0.806539168317709
0.6873505041927931
0.8455249582882196
0.37357165497181305
0.4141673780468527
0.4130171648819674
0.42074308861813775
0.45257270406490496
0.42606290300075844
0.4919004217174355
0.43090083441464005
0.5269308095567289
0.41256593847938244
0.5558503026201784
0.3849399291203079
0.4801140053086564
0.4380519911805144
0.519879097485953
0.44219170798786134
0.5596897371229193
0.4455865719496931
0.5988981525716119
0.45267192176522575
0.6359184130671417
0.4670666310577704
0.6719053986650226
0.48301305610033085
0.5285631362761044
0.45866376061743136
0.48881374228336494
0.4571400147117238
0.44994443403939915
0.44955725292519044
0.4127530879499207
0.434082301408822
0.3757436869224076
0.4182804410533538
0.3386774350759205
0.4031836895687307
0.38591600963448486
0.4122129252146513
0.35283752336713314
0.4346390564262999
0.3217476267770929
0.459736642343738
0.29307582120106296
0.4875283828820011
0.2685377151629834
0.5188314655051652
0.25412082966495975
0.555956387415096
0.7415765055380948
0.5579624065236435
0.7282424286078767
0.5204104280186689
0.7147623914555523
0.48300071367965874
0.6966886926132693
0.4478909314570678
0.6586876889958292
0.43717005626495636
0.6217489591670546
0.45261704923172075
0.20830943990559445
0.34033812048236833
0.22644869937302012
0.37598840889323637
0.2445859094569368
0.4116341175688683
0.2621055169821123
0.44754458009711473
0.27401671803186267
0.48561246537016284
0.27914867481704947
0.525199150890889
1.009032108856519
0.6560105805166273
0.9728254294743637
0.673012061579603
0.9366329702879749
0.6900441687062779
0.9004632749789876
0.7071233920030874
0.8643115288900598
0.7242398589353366
0.8281641611944038
0.741366505223193
0.3593839745623562
0.37925338624818944
0.3976154523793649
0.3906019369947128
0.4350951051707065
0.4035849654492551
0.4740790825572947
0.4136650513426035
0.5139533314465813
0.41855723263855826
0.5537858781840864
0.4223603722897983
1.0471347473426422
0.6161426808820548
1.0119615686827907
0.6351912373355585
0.9767883900229425
0.6542397937890597
0.941615211363091
0.6732883502425627
0.9064420327032425
0.6923369066960653
0.8712688540433914
0.7113854631495675
0.3412388208764477
0.36327778385821075
0.3811018755655752
0.3668392430724871
0.4169467992928958
0.3847869509338494
0.4498333245877328
0.4075812892207855
0.4888620054599901
0.4171147433924196
0.5290686193632239
0.4158796771615218
0.736734975461283
0.7923885695673795
0.7404947481060594
0.7526078183157727
0.7479123405518692
0.7134891900504452
0.7528538405727332
0.6739937527139833
0.7466675849462028
0.6347097693244739
0.7272940343232517
0.5999000997331575
0.43899899874287823
0.7187030301119732
0.4216034818648143
0.6827328607037002
0.40037431170482396
0.6489004951436473
0.38168342156894614
0.6136040451814603
0.378900746236412
0.5737056479349822
0.3868487275904483
0.5344345623873851
0.412751484220122
0.382763007664086
0.44641934926727633
0.40437115461670314
0.4819387249657454
0.42280848570592805
0.5137639659969759
0.4468457260448597
0.5330845696960631
0.48170126367856847
0.5497156953015435
0.5180139537774198
0.4051316804296242
0.423474158556142
0.37366563001777364
0.3992303841953808
0.3518149158870399
0.365576879744559
0.3331141411122661
0.33013524830572455
0.3176483405808354
0.29321855031745764
0.3023878645348104
0.25624240379293795
0.7023661545736892
0.6759152980760458
0.6703698967118498
0.6519038167744201
0.6382060355266412
0.6280496979804602
0.6037332136697328
0.6071222676263828
0.5663954708992814
0.5915154978624603
0.5298028932391833
0.5751279468701751
0.7567448904268431
0.5450970769592998
0.7203433571925059
0.5285330427686575
0.6847609558473559
0.5102853989043075
0.651057108631647
0.48866629013345975
0.6164904539981712
0.46806017249718634
0.5821279296115849
0.4473722349368121
0.7222552561869259
0.9636915967637402
0.7245975634549442
0.9237603435643336
0.7270786347390505
0.8838400398346651
0.7299017568871036
0.843960747985179
0.7330263842312386
0.8040957499239824
0.7357333787956452
0.7641904015089807
0.226014496885935
0.5776620420474597
0.2614449619439135
0.5962270279391505
0.2968378692128268
0.6148944471081202
0.33195335881350085
0.6341660825235464
0.3675475126043173
0.6525245494336144
0.4030939934196832
0.6708681274521615
0.27315206719500557
0.39354605504419815
0.311950046822194
0.40327596959368794
0.35067318169712913
0.41296043949728833
0.38756829668648174
0.42814721188145566
0.42663071677264097
0.4364171100839189
0.4663773250273114
0.44101903071100934
0.4001168636528308
0.39928526203709164
0.38168543699797497
0.3638537150823964
0.35882018331489896
0.331142263903739
0.3362887784103708
0.298112250828764
0.31382553137687835
0.26501535743452903
0.291388359118744
0.23190058057724489
0.11584540453567801
0.6407352901775427
0.15571060046544258
0.6440034001520349
0.19553120255350806
0.6477733446537837
0.23524989669117075
0.6526345906412592
0.2748995044877692
0.6580903535711445
0.3145657859521727
0.6633543145324925
0.4325061173704367
0.42842798324712245
0.40197929331468346
0.45438745374265477
0.3756155659397977
0.4846872406693359
0.3525576139634812
0.5176065802226608
0.3306236762443205
0.5512769254703128
0.30828678149110533
0.5846544490458692
0.20210284708546344
0.4515923444873203
0.22880244152865425
0.42180826414729417
0.25548270435729536
0.39204603729493176
0.28156745683046686
0.36179987838680655
0.3059833086928172
0.3301939775409947
0.3278152013445682
0.29675427518738695
0.7214950401228976
0.7142308220658348
0.7069530411867397
0.6769894484470513
0.6941659896569637
0.6394312843050365
0.6857028059884679
0.60049483675915
0.6747818428240095
0.5618985223825267
0.6596028451019352
0.5248942240429456
0.6732267715478859
0.5825175296809871
0.704608400142663
0.5578754097570342
0.7342810306182812
0.5311904115921033
0.7571707758182344
0.49844732529066754
0.7677209047229622
0.45992453600754096
0.7700357106533814
0.4200035734126456
0.467636582724048
0.41957377578398986
0.49919623631527454
0.4440950556707817
0.5252048647376646
0.4744404567289861
0.5455140655430194
0.5088253980957693
0.559265178260013
0.5462363628686911
0.5782137158217803
0.5813775864877906
0.42689477647229135
0.7316509723524831
0.4329248968274019
0.692069234366714
0.43198979814240285
0.652031405384738
0.4238797942277116
0.612825800403172
0.40893887595362355
0.5757049090183504
0.39019180793832553
0.5403665993186958
0.8222684367005227
0.8355124733950141
0.7983065089728191
0.803483289070801
0.7743046791950674
0.7713500224052463
0.7658578926308884
0.7318992441677534
0.7688193022262914
0.6916268934758445
0.7726848564542287
0.6517727956972889
0.5944642444697847
0.36148172990531563
0.6035618303213697
0.400422110392067
0.6133793993539818
0.43916312401819274
0.6314602175696247
0.47490029885099044
0.6458104623410057
0.5122900447901991
0.6551885633702186
0.5512648540171523
0.09157599949334029
0.667580985244946
0.12181185164773173
0.64139329690954
0.15205212011335612
0.6152151027251479
0.18199342883360864
0.5886952526488236
0.21136649563884272
0.5614904213461586
0.23957093223365905
0.5331014601766167
0.718386951252143
0.6830555105866576
0.687924167181056
0.6573326491817887
0.6546286561083469
0.635690426408566
0.6156018995169696
0.6301835655422543
0.5775235299721605
0.6431880405169659
0.540459665967511
0.6582256254853893
0.6576936183985432
0.9150268323545319
0.6693037868779502
0.8767672345008806
0.6824428408134756
0.8390096636338107
0.6987062901113582
0.8024786794372123
0.7192135589487366
0.7680813339423311
0.7437668691044442
0.7364165906652624
0.4426182519687528
0.6791493620208456
0.4818343956662192
0.6712008999379159
0.5211537651073453
0.6632190127719491
0.560246122040364
0.6541131103734643
0.5963796032531458
0.6365263198272216
0.6313990563795148
0.6175346609726494
0.7118543265059503
0.6951510646973789
0.6991685458809103
0.6571675340506484
0.6865999476501666
0.6192466598905326
0.6724288724611045
0.5819120069829234
0.6537400669481309
0.5466305413146145
0.6391082961126544
0.5093988195845176
0.631729368359039
0.4682927303888563
0.6581574695729183
0.498285278612977
0.6890013774206671
0.5240624299614841
0.7223026873099005
0.546522458101883
0.7570426453913873
0.5664999089371225
0.7919996371410376
0.5859546330016847
0.6990004838230732
0.6519682014933241
0.6624112871430202
0.6354511861090143
0.6276124948288184
0.6154766285357111
0.5991392050019811
0.587884874420931
0.5635506681604607
0.5706003808662229
0.5237157566767054
0.5675671472064934
0.3016174639208489
0.6507308576122227
0.32802430953542255
0.6206954295491633
0.35559364498653817
0.5918045527434455
0.3832555478995081
0.5629204148156339
0.4111988146844296
0.5343379634560909
0.4392879380216463
0.5058821730852255
0.4114442607382126
0.36355478678370823
0.44892778456080584
0.3775578291011877
0.4868917559289481
0.39035433268418573
0.5265387954315294
0.3955692578987436
0.5664640640487688
0.39575187220588565
0.6062876847270173
0.3925551593196702
0.7517283409108715
0.3465382454167437
0.7390920902269923
0.38436607621088154
0.7289230638495054
0.42283411627021017
0.7136550626291941
0.45936417167005794
0.6793987309230997
0.47894363204703394
0.6420137045885803
0.4927652761694159
0.41772578454131254
0.5939782824228292
0.38681612201671856
0.6194695468159604
0.3584584995585346
0.6478236868159152
0.3342172599854413
0.679742532603959
0.3114341207292209
0.7126655091736797
0.28868125456985694
0.7455643086655149
0.7529363395186794
0.32708248723848404
0.7295633051640406
0.35947146560477805
0.7052534182505187
0.3913440693788734
0.678527025133084
0.42123400335566086
0.6537101784364684
0.45211016530987164
0.6283834429508109
0.4824483734751757
0.35027150923946726
0.420369901377897
0.38884015747339634
0.4306150706047759
0.4282324575568059
0.43646140685965473
0.46758149484468775
0.44193111816512193
0.5044968729957472
0.4562188118127381
0.5386880167761882
0.47627601788159885
0.2316518693102732
0.5457257224168015
0.2658330692552325
0.5248563093397534
0.29815313622595946
0.5007200368111165
0.32620859352222753
0.4717890703592522
0.3524321868668277
0.44122011213031487
0.37928536250345735
0.4114237814061097
0.618203757825752
0.5539586836474016
0.6504386265366702
0.530347989891655
0.6797487141641092
0.5030170554978376
0.7052702662656191
0.4720957896101488
0.7238557097414757
0.43664483034216955
0.7403107972165385
0.4001695683890014
0.7137490587744441
0.5779842115908778
0.7392448255923597
0.5471900276707948
0.7591282797069824
0.5125308254616262
0.769660142555325
0.47399715081932603
0.7691311671307451
0.43405760406045685
0.75742687625652
0.3958232423587821
0.7368745413262036
0.6214443823779133
0.7350457948566598
0.6614793829948951
0.7365966122800127
0.7014589426413038
0.738667537470113
0.7414045836857386
0.7377096995424505
0.7814212309620806
0.7363674471977393
0.8214019811016474
0.4935193232864598
0.6006446567222168
0.5332379451894731
0.6049982437815673
0.5731807101058681
0.6063980183075902
0.6131387342859035
0.6065871879747552
0.6528321261767177
0.6111169202885908
0.6925585238904783
0.6161536596733578
0.39144928196981693
0.7820916067060005
0.39877469947307265
0.7427579913309321
0.4055696860472721
0.7033352455411552
0.41164930535326405
0.6638328881108326
0.4184151049857611
0.6244496493045352
0.4151326079820296
0.5846380247999593
0.1577306879511097
0.5519873200664392
0.19160677755622324
0.5732560566505026
0.22545254685508306
0.5944989672761194
0.2629550151900385
0.608037343450333
0.3022765415285399
0.6018194671488997
0.33885844083882166
0.5857824154680213
0.7032844926411788
0.3309750656412725
0.6784632949545005
0.36221618022281765
0.6603601819776244
0.3976301205972015
0.6513060240849075
0.4363252622357572
0.6464606248063558
0.4759764163470626
0.6461790786948821
0.515994866037872
0.7798840449525565
0.7676627400353828
0.7577299745039143
0.8008162028423397
0.7326429625234835
0.831918240914323
0.7057757206616843
0.8615818920975006
0.6782112676409722
0.8906018548669674
0.6503734555099682
0.9193494521108789
0.2747493593796136
0.4867359490314589
0.23530148302405918
0.4931456108157937
0.19596752397231407
0.5001596478138532
0.15663823100669066
0.5074251121976546
0.1173024877533777
0.5146825353689909
0.07796646248330297
0.5219398275144502
0.3205832796015937
0.5895381438054279
0.2891940764553311
0.5650511307103231
0.25885229136073773
0.5392978371416495
0.22413407984162567
0.5190886001631144
0.1894200832474104
0.4989428058714197
0.15482289216066006
0.4788645339994846
0.6778857648096435
0.5676344976165512
0.6865594125341589
0.6065672632268495
0.6963302404640891
0.6457094577376867
0.7061364847953201
0.6849148718297163
0.7104072830936632
0.7248627018760723
0.711525244542561
0.7649727152066402
0.5339634960862097
0.4447254728565479
0.4940806924959747
0.4424431475410604
0.4542334949862419
0.44453049880085743
0.41686216044672353
0.45881142211742704
0.3795173462301612
0.47322122791123233
0.34039453673757547
0.4814992275336841
0.5351282421361351
0.4280455965877986
0.49808466146533636
0.44251391831156955
0.45880952933444386
0.448527962372678
0.4185422952628475
0.4499729879526117
0.3783358145453695
0.4479495789070896
0.338310309785837
0.44577116749683054
1.0157143081748796
0.5439271673483569
0.9848604436093163
0.5693837783044491
0.9540065790437525
0.5948403892605424
0.9231527144781895
0.6202970002166347
0.8922988499126256
0.6457536111727282
0.8614449853470625
0.67121022212882
0.39552492949021584
0.7587729152419698
0.4255119729776913
0.7323433240073506
0.4550172685401641
0.7055197585261695
0.4869424590119712
0.6818487043958276
0.5229833935418179
0.6652663441442066
0.5610560490186514
0.6539666911879362
0.24334671707102454
0.4820822250099135
0.278422755981856
0.46281850437217503
0.3129982308899287
0.4424857886277
0.3460729660078578
0.41975416787406394
0.37925686827109323
0.39742906859918237
0.4150534310816161
0.38012522232748414
0.36709796643186277
0.29872144781333837
0.39620105969128716
0.32616205084576216
0.4253017660606062
0.3535851007759802
0.45058491198472445
0.3844766191679039
0.46447395014262327
0.4217133066824575
0.4583331469855722
0.46172673231042183
0.44091748456400254
0.340346201719914
0.46563631046814363
0.37181113474028565
0.4904774963336822
0.403218965222664
0.5185102178547616
0.43182559070583304
0.5423585991734174
0.46386316736885813
0.563775122207841
0.4976417319297159
0.3301160797000795
0.6413758942143919
0.30080809322429436
0.6141622135897112
0.27138893459134306
0.5871414132305062
0.24465697161782704
0.5575013438879137
0.2257933504724975
0.522350571132464
0.2079629774871734
0.48658349897059094
0.4235808332053495
0.6461477543543468
0.45771402187550886
0.6250242586700233
0.49196101635703393
0.6040633834922987
0.526578296461179
0.5836160825926411
0.5623340707356209
0.5654461368251031
0.5995806821036918
0.5509285482310908
0.7695994682760856
0.6974640312433835
0.7650192933263353
0.7370729271343474
0.7577977097037366
0.7762536104163447
0.7460691883772412
0.8146124571118045
0.7356052216241558
0.85324251000329
0.7258153677654062
0.8920443076193056
0.5239708691940586
0.5785443538395995
0.5076423942164698
0.6150884321326677
0.4901280350511293
0.6510982234381725
0.4692038492299536
0.685268505581873
0.4454497177880969
0.7175525817804935
0.4217515626923162
0.7497774096074783
0.2730521770306167
0.4703289712146997
0.3010501837535611
0.44182181629519596
0.32838087242731434
0.4127073758876257
0.35618539653078474
0.3842205336523682
0.38447784302131566
0.35609122671618904
0.4117646139351665
0.3267815197497586
0.685625482931004
0.4051374848540355
0.7176535827555554
0.3812984893407205
0.7504505629337045
0.35850340518252116
0.7821338967389001
0.3340820989948106
0.8138505568403457
0.3097091216029308
0.8455809113538529
0.28535409799201084
0.7573105285638804
0.3680110683084161
0.7417410803370809
0.4047737710223863
0.7269142763185485
0.4419674250443155
0.7089615278256145
0.4777305452459166
0.6811269755933904
0.5065343594858115
0.6483363665522676
0.5295713510372051
0.7714661364976092
0.6808651026336021
0.7579208802753941
0.7181985605439772
0.7456244166633283
0.7559118538518801
0.7347668627646143
0.7943341124216412
0.7261929217563353
0.8334126814159599
0.7180367247454756
0.8725742713465028
0.3801759199905694
0.4496625034734754
0.3871304326473615
0.48906591276071687
0.3941887753667315
0.528538198384759
0.40250002302163673
0.5677651186509264
0.41063845883569283
0.607022254461583
0.4162946650472316
0.6466509752315758
0.25480284310019363
0.23004384178168522
0.28389431020481254
0.25749768038376064
0.3130047603676785
0.28493074814227587
0.34216040227466504
0.3122742803710087
0.37268270183504976
0.33811136355473903
0.4048859916133695
0.3618600369451745
0.3187763084162001
0.5498269851989248
0.32191797090286556
0.5896776345470716
0.3229601474357134
0.6295442244274218
0.32248700614297965
0.6694739886190932
0.3213356531547164
0.7094082778095173
0.32019415083437514
0.7493918331765418
0.42109621684628395
0.4080675710815441
0.45871804021102563
0.42147815827859475
0.498635555934645
0.41665932298426406
0.53879963182291
0.4198043717679699
0.5780485444424532
0.42881405104579473
0.6171354508550171
0.4379980584292529
0.684261017425292
0.5808054922272667
0.6446288879481121
0.5781547560874577
0.6113169609264052
0.6001023614832894
0.5834363370480186
0.6282759469224651
0.5543752959638502
0.6548310821431875
0.5253248337627429
0.6822264308477055
0.6440314776390528
0.76337987792188
0.6835518428768167
0.769541204269679
0.7229418104849324
0.7757437691287623
0.761374816869761
0.7860687755027185
0.7983716547121246
0.8007628140390014
0.8355576979698681
0.8154975415802866
0.4332436021489433
0.34686784803777754
0.4719204033818361
0.3570374464531846
0.5103691922123614
0.368013239525689
0.5481398544913895
0.38112778651774143
0.5845983058888155
0.3975347362062256
0.6193945414044076
0.41724055954879097
0.20687858705648535
0.6808863142608178
0.20899052902354434
0.6409386619111237
0.21167262078051713
0.6010134349814754
0.2175947589091642
0.5614235805825383
0.22670587466317493
0.5224125698715563
0.23644351723676962
0.4836041608937833
0.5339653305386021
0.4778196397240066
0.5120011088802231
0.44445223247827026
0.4816213888388455
0.41850521696248283
0.4453307242905863
0.4018731238041522
0.4101520479522253
0.3825774918782238
0.37275004508201337
0.36819611743667474
0.39946937553616707
0.35781605189115145
0.3761475491685598
0.3900177017303021
0.364443798778295
0.4280136985251936
0.34899791484672943
0.4653007172933083
0.33177502845711415
0.5016709926194027
0.3144101204718403
0.5378141286896462
0.247881111403554
0.5089155040125994
0.25368633277094316
0.5485072460441022
0.25914494121015735
0.5880697396018683
0.2639811123794337
0.6277284752184253
0.26892966248044214
0.6674136278294873
0.2738872881034192
0.70710513749307
0.3417567997687653
0.597444882101327
0.33764415554291105
0.637190418389038
0.3341495323177034
0.6769955456991719
0.3300700280533767
0.7167676200450996
0.3257401771316906
0.7565197225859689
0.3213160717911658
0.7962665898025143
0.3817070027107011
0.40125710585574514
0.36088718989344315
0.43529102141983095
0.3437239610950902
0.4714461362453682
0.3279809569537298
0.5082803443022911
0.31218667478290807
0.5451641166377378
0.29605196621593444
0.5818336464305551
0.3685013743015756
0.43588145786659743
0.38217841611223335
0.4734361667875963
0.39382845884245443
0.5117456578576105
0.40352101892137393
0.5506180705120781
0.413615200614525
0.5893811150133104
0.4248943851546426
0.6277800600460394
1.0320969495762469
0.4897392394193938
1.0072385922567202
0.521077109024309
0.9823802349371932
0.5524149786292246
0.9575218776176663
0.5837528482341416
0.9326635202981391
0.6150907178390577
0.9078051629786127
0.6464285874439734
0.29219317517607024
0.5840254785877488
0.2977394585081646
0.6236563644082874
0.30357179484046376
0.6632457661675858
0.3102964123726436
0.7026862093273241
0.31691866812643066
0.7421454820397021
0.32336457555172204
0.7816350028563812
0.7064252256848522
0.693054822706553
0.7244331065016573
0.6573520378484454
0.7399487017255385
0.6204785709124001
0.7720701107749222
0.5955036132526812
0.8058436224724422
0.5730598321134565
0.8392167861787929
0.5503717737742067
0.3905870876372918
0.41146931120302677
0.3718149165243449
0.37625579157137584
0.3457578711540261
0.34614945490743937
0.31670293245196635
0.31861804151115597
0.287548449446778
0.29122660665726163
0.2584074851052331
0.26382555220376247
0.7762497774688396
0.3893262354732619
0.7617833803286074
0.3520057512425708
0.7479172934485955
0.314458570557292
0.7338316985992532
0.2770208758741429
0.7196279989906482
0.23962821894381964
0.7054073288137582
0.20224147614712712
0.7807304421428857
0.5677791387523583
0.8184159956673536
0.5543711912006288
0.8561106997792025
0.5409859004539695
0.8936694532712219
0.5272914808244711
0.9311528717866308
0.5133415335676428
0.9686120936200686
0.4993113887189209
0.6527184728807855
0.383214133912597
0.6922922769467394
0.3781309698985359
0.7323228914559223
0.37440629875335285
0.7724576506557025
0.36980303109863044
0.8124871046098657
0.36766584701306204
0.8524297712951393
0.3655264453968276
0.26578867408489326
0.5284644636004246
0.28784738701606516
0.4951963603883851
0.3122337802786207
0.46375994395024556
0.3408702936290731
0.4361942098778997
0.3709003903451661
0.4096966316517246
0.4022305233661388
0.38449306604596784
0.7392462624722805
0.6012087619663269
0.7741922554085572
0.5818270714238947
0.8099387130979567
0.5639321656790824
0.8464961784954572
0.5476857349223672
0.8833041188285617
0.5319231527920941
0.9201576418498858
0.5163320281861884
0.6168805210191002
0.46424502207818874
0.6552114844665102
0.4758225979220716
0.6913896923469678
0.4930677716754015
0.7188319805787771
0.5221136104286318
0.7349624927237289
0.558687720267196
0.746068454690509
0.5971011471914229
0.6256118170711994
0.5126100402328189
0.5871637121511126
0.5236418800932184
0.5487549890080082
0.5346492336684326
0.5099145377500574
0.5431973011007428
0.47035838352317555
0.546590521275759
0.4334609903185692
0.5625856170838884
0.545820732741623
0.47794274192769226
0.5066134909212998
0.4696482830101629
0.46750805735881645
0.46059771877579575
0.4282416241535967
0.45241527257975134
0.3892245000057572
0.4434143100317874
0.3502648164740743
0.43429143092870137
0.6267641732172495
0.32479962705876103
0.664976081453169
0.33657475331010583
0.7034356221854294
0.3472677554629025
0.7425358198131269
0.3559767320968215
0.7814631167910633
0.36489277315969504
0.8205241409197908
0.373329756827085
0.22919139645903971
0.46377953122031707
0.26344142091138123
0.4431183687143367
0.29747366315048956
0.4221316950402471
0.3279918620066942
0.39645137492872423
0.3446263198464621
0.3597967988793001
0.36092646063374534
0.3230746497414884
0.45675206460454204
0.7585549047182846
0.47800480180186095
0.7246680033901511
0.4992473794911196
0.6907739162289482
0.5205273205840523
0.6568141405602833
0.5405906923040809
0.6219944730800104
0.5598667753566767
0.5867610735301383
0.5285208909722413
0.3950756060731507
0.48898473093802114
0.4007079298743568
0.4493965341009523
0.40519610923345967
0.40916738701830585
0.4072072866647985
0.3688189143663003
0.4055450259125679
0.33009298918545055
0.39533188452743917
0.640140793524919
0.48041237425852645
0.6251590883317194
0.5173035729320756
0.6189688163560926
0.556525204539436
0.6236642354650501
0.5959324650695611
0.6337547886392587
0.6344859630157973
0.6438728946841006
0.6731842288861649
0.29293112273881294
0.42363815639392727
0.33291345662376004
0.42166502190582056
0.3729128473258459
0.4226824394941616
0.4127621721953043
0.4209339059644972
0.4507472653015389
0.4090922037481352
0.48409676124709305
0.38700642210533676
0.32332938764167585
0.3539516104704019
0.35429446431075295
0.37910136030290303
0.3810995071776615
0.4083408699845464
0.40239616520343124
0.441405772315654
0.439592403329569
0.453547257030557
0.47786800479188435
0.44560543841878614
0.7226120089557679
0.39201071684638006
0.6828017558306143
0.3962855461557577
0.6436013589655808
0.4041703602013419
0.6051625362600364
0.4153523584749504
0.5712059419383604
0.4364693291840275
0.541595304388709
0.4632607960730121
0.40942524247427764
0.46826141756698136
0.44370543650859995
0.4888751801971636
0.47803539671721995
0.5095175540289515
0.511973025463834
0.5310184829020733
0.5420665924077902
0.5577665575882432
0.5644548394121421
0.5912052829566369
0.6107526886855591
0.4593389040476832
0.6409023021493123
0.4329723759923358
0.6749204058557735
0.4121092777025773
0.713413386462051
0.401366495380024
0.7531319299606883
0.3967021789132349
0.7925225579627134
0.3899506321118072
0.4258419558153471
0.5753763894989481
0.4555720793849818
0.5489321487135578
0.4858834003720602
0.5231868322997236
0.5131604612890522
0.49404814949628684
0.5386449476747524
0.4633877717526933
0.564178912676799
0.4327215646400849
0.5004097741065211
0.4628521874319659
0.4604238351106168
0.46349583514370385
0.4205230107569118
0.46111364461430604
0.3818567729518986
0.4510164812953759
0.34297727688455154
0.44179639783120106
0.30409531633128983
0.4323215521046008
0.668423692288355
0.2992012371714913
0.6543290958524165
0.33660948247352973
0.6431172168536973
0.37488881395065865
0.6391139955275198
0.4145581165349141
0.6434760735729735
0.4543140777379497
0.6518387341317654
0.49361880692941645
0.7855883807497797
0.8166420030339783
0.7555736895626491
0.7902094332415861
0.7246602232995641
0.764986268057357
0.6898412946585465
0.7454125790809076
0.6530963177682945
0.7295216787484232
0.617037759443721
0.7121968529263447
0.6619068290591618
0.6149490718515219
0.6276649760088917
0.5941728213345726
0.594359342174161
0.5717228566095929
0.5587127630515989
0.5531594657642104
0.5207258999596752
0.5398578373894148
0.48122007221812907
0.5327896552090016
0.7976061468712793
0.3246446739563918
0.7643722854728813
0.3469065235678101
0.731562786358723
0.36980304714088824
0.703411897740517
0.39801379983189156
0.6665441522415539
0.4135934758198136
0.6288679405421099
0.42722711223456716
0.4781328831472394
0.4371085223610603
0.4408553729052497
0.42246086751497886
0.4069178712735189
0.40118007343444817
0.377183346703252
0.37441268472751815
0.34695445869103914
0.34835141118026014
0.31730685500545003
0.32151529220068353
0.7655850740679757
0.48572956527184485
0.7420580450492309
0.4535095530405906
0.7123049423732603
0.426906236360652
0.6764564846130374
0.4090652430236997
0.6370013661133415
0.40243093830749976
0.5970046668381015
0.40160200872536606
0.349779816883591
0.6362604275957875
0.32110246943845394
0.6083249907782683
0.29158741550536066
0.5813526674701388
0.2604261814997688
0.5563213142070772
0.2296290554998094
0.530945008360564
0.19976605687048046
0.504532217699974
0.3386022434164557
0.590020761458048
0.29985855113100385
0.5796686464199817
0.2615037585965063
0.5676751038619563
0.22290161540907918
0.5568803922401451
0.18429069974111248
0.5463974070928689
0.14568729220276114
0.5359196646237242
0.5135439245172079
0.45080936704221786
0.4839246827317668
0.4777368047415949
0.4527827270145068
0.5028793647259269
0.41912618413003
0.5242920629072605
0.38418499736765194
0.5436073145183461
0.3487298537741808
0.561907832540141
0.6147739879925174
0.41993224924015204
0.5756477804156268
0.4116166096018301
0.5362934152090585
0.40502460447448246
0.49652595928924353
0.40183818911181735
0.4568023107963934
0.3979344948508265
0.4168326133992276
0.39831491673136427
0.29253470191100583
0.5437999817857535
0.32330859622347047
0.5182479534345749
0.3540361779698495
0.4927446299781026
0.37971700595715335
0.4622947930071474
0.3912638359267916
0.4243704797678901
0.392940200443062
0.38468303417190436
0.37963645564284476
0.7895984461368029
0.35751651670811074
0.7562709506631432
0.3354139109640344
0.7229317136344567
0.313334296933167
0.6895663891520936
0.2912098556504913
0.6562293228829957
0.2690947223682241
0.6228989124289707
0.5465102238722225
0.5576928335053207
0.5633349501405039
0.5941030726537271
0.584564045294463
0.6280077438818288
0.6023010431920331
0.6638882706214368
0.6181051268624862
0.7006521046409262
0.6333583877773268
0.7376378809842328
0.6256157743925332
0.2684719649759236
0.6641373037740989
0.2576967558461752
0.7026603750924262
0.2469265012934068
0.7411907174517625
0.23618357797954534
0.7797282920646224
0.22546767443116825
0.8182675922559556
0.21475742755662997
0.28291850710275607
0.4756646805154754
0.3107125017993538
0.5044897125060136
0.3378002121673371
0.5340813438708477
0.363009443923882
0.5653449125765438
0.38790922741100164
0.5968564620229999
0.4130061433280117
0.6280516928747166
0.832487355377495
0.7812277203738368
0.7926353545057435
0.7777923646268222
0.7528376937183537
0.7743315177972889
0.7130029631655345
0.7713718364267859
0.6730780690537873
0.7688850727209238
0.6331547793995128
0.76640560640243
0.6315484153844275
0.4794542002257302
0.6568144982649413
0.4484833955084243
0.6877822975451283
0.42331973089479646
0.7243020580127787
0.40719484778866194
0.7622180130043118
0.3945502694904848
0.8001664268698555
0.38190545305577733
0.977714235774503
0.45732938003377355
0.9419600453330275
0.4752636794809498
0.9062023256471785
0.493190920492362
0.8704397294416819
0.5111083892053843
0.8346716550232316
0.5290149126652767
0.7989002668605378
0.5469148477570083
0.6276292610863349
0.8449044738872088
0.9057590819323172
0.426187566262087
0.8779018358764679
0.5966200854856871
0.4936028663013566
0.2795631360024882
0.8445989736115619
0.9485934968040587
0.0241001243589767
0.9216928731857587
0.8671321251441856
0.7593164155210504
0.2052533016246017
0.24933097747451174
0.1122776042073499
0.4523239073711841
0.9442834840462666
0.48354370776845074
0.8000000332131664
0.232555286658573
0.09425505482275091
0.2789201917414047
0.4337685740626853
0.44346188320419067
0.6623668220672648
0.7472788164385417
0.11048503721438725
0.995627603017601
0.34054748595413414
0.4705312664977427
0.8820070136305788
0.4000000087054607
0.17183529768544809
0.6775407942101908
0.9572210995958129
0.8153483233215028
0.3118564143052311
0.9960780759766935
0.6416727861711531
0.8771868668993863
0.4357021050062045
0.8343914842728286
0.11229463614300049
0.49820503390158727
0.15317616633311798
0.8045362964697331
0.3957973254690984
0.7164631478305734
0.8929155737660994
0.4010087069395964
0.3872146724841944
0.66502492177461
0.30596835425543234
0.3261182689891598
0.6552670184625524
0.9080236232982903
0.02989410081584155
0.5546190122575444
