1.3047718520844718
0.3535517330876283
1.3393181373641099
0.33322513758795436
1.3719554585939673
0.31017703589449164
1.400256961377935
0.2820171390284565
1.4216679715689142
0.24831287963351661
1.4357094464987712
0.21064045615991367
0.18572337161246033
0.05656074712788676
0.2230062310204529
0.07095309801976357
0.2603610943722262
0.08463723406706523
0.2986664339291504
0.09664646150241558
0.3358307481242655
0.11162752710068294
0.3727939795751275
0.1269877931594651
0.7206554068308506
1.394187093009953
0.6833941193822549
1.3796412539288687
0.6462219167124541
1.3647940941645627
0.6090655993557831
1.3495792056544487
0.5721199195741963
1.3336413260764743
0.5360284895235414
1.3164621695152756
0.6262499881757351
1.064136884889019
0.5940059687201773
1.0877900099958253
0.5618927149266716
1.1113589061115952
0.5299905042893303
1.1352018602986724
0.4983768305530562
1.1594334344368522
0.4661458301005669
1.1831072574773558
0.701963884916632
1.3776002182271945
0.6631938305234064
1.368132340299232
0.6251826801593315
1.3564044018557577
0.5881296334430495
1.3402874419922761
0.5513202473239032
1.323479836221009
0.5145043462801158
1.3073407569380548
0.5125904585613539
0.10909728817098645
0.4741812406850315
0.09782691716437497
0.435210571291851
0.08818977190718227
0.39561233774293886
0.08264151152784908
0.35561311007025914
0.08356291082071456
0.31577269432731875
0.08737672270043208
0.5918053566125312
1.05843445695977
0.5560280318686984
1.0764764377395588
0.5207947843938664
1.0956142294918894
0.48561147944973654
1.114842089191733
0.4505584352227711
1.1340871353494861
0.41572717565095907
1.1537094263805614
1.3406002098974361
0.3747651042685142
1.3067589895169092
0.39583809731864733
1.2710187600333398
0.41322638614307233
1.2338748726693296
0.42722173426657595
1.196079469437302
0.4405148100589976
1.1573422942655414
0.45075599179775905
1.4450311145328945
0.2777918397047317
1.47662067320733
0.30238668478292624
1.5064308546635357
0.3290469359444737
1.5346269474811776
0.35715371550156066
1.5550400052147462
0.39122217710212787
1.5549510245367397
0.4311103566393834
0.4263430602265513
1.2631898612981685
0.46141055437996037
1.2825197910015091
0.4977131988330255
1.2995377545013373
0.5341587558997637
1.316101933648774
0.5704379491478995
1.3326366130722926
0.6067585074936482
1.3491521756082268
0.21553926191974213
0.06887463885695938
0.253380642553737
0.08190732446990627
0.29095013001585773
0.09450546991945984
0.33021676254963084
0.10027352791151126
0.36895831690625613
0.09095042819262857
0.40569014392440306
0.07520009903850002
0.29179915576825616
-0.3388928468453346
0.30100874814478246
-0.2999672390999962
0.31021700636172916
-0.2610413001989481
0.31942359662075953
-0.22211503868630986
0.32862873158845274
-0.18318852645739864
0.33783281436689727
-0.14426184025963787
0.5394946475073187
0.31840164461892034
0.5439635209724858
0.27865379080952085
0.5448434976548472
0.23867977280911817
0.5372008271949753
0.19951076953790495
0.5179229025722522
0.16460733939200034
0.49676423598214947
0.13063517530139068
0.20735539500224695
0.033243772645438055
0.23711771227819414
0.05993773211149935
0.2708805092208341
0.08139447508846387
0.310650013551525
0.09205395910181952
0.35082499129782774
0.10046995859729543
0.390026972758004
0.10932348423904546
0.4451388329608698
0.08982762887417356
0.41258149588534987
0.06663850803376856
0.37773858376777025
0.04723367612926406
0.34182923544139737
0.029143084191758716
0.3048686992519721
0.013275360969454048
0.26713084108912555
-0.00037987350504540635
1.573402390065029
0.5691924256044182
1.5512432457812337
0.5358735474195592
1.5286466787601383
0.5028401326876394
1.5027991567422583
0.4723652027424385
1.4725455141794588
0.4462727113953336
1.440412309719389
0.4224679791980321
0.13030420689436722
0.05137303507879017
0.1691941372836336
0.0606768366276202
0.2079621573747516
0.07013785847953062
0.24626761647364193
0.08121105210254018
0.2849368135369599
0.09244461564558877
0.32331994063856245
0.10413315338033613
0.473641399909314
0.11380644435049306
0.49786993026204673
0.14538919578179899
0.5250627604928662
0.17466944096828732
0.5532523404655163
0.20315743798508973
0.5813603147713129
0.23162067346645418
0.609457337606735
0.2600909467063508
1.3296689198520228
0.38767525698192196
1.2930936337232457
0.4036618610742531
1.2560758256549203
0.4185382238690473
1.2186961861118124
0.43236978243812363
1.1812662732313408
0.444541351673491
1.1419139170587393
0.4487943773120863
0.36578268588480317
-0.12354268867246782
0.40562503357521945
-0.12685761994683167
0.4454714874720727
-0.13011488668360122
0.48532536658508907
-0.13329265963684112
0.5252092901861987
-0.13612748501961186
0.5651142605973175
-0.13870458146712666
0.48128718700838363
1.316026328126632
0.5197096864686359
1.3272245719656486
0.558174321979802
1.3382983573255745
0.5967523748531247
1.3491348848054003
0.6353248143805189
1.360007389448862
0.673833649298745
1.3711579780824505
1.135913348487574
0.45130663646675656
1.1735136792899854
0.43839266033347946
1.211862761053516
0.4270814338498879
1.2509969726488332
0.41622551451795875
1.2887820289489549
0.40200005074716766
1.324685534423093
0.3839949447935034
1.4635112099005358
0.3507523810607965
1.4256256638444553
0.3636330707498838
1.3873616037796963
0.37549098756020377
1.3483624170480768
0.38476907800170945
1.3091308859325683
0.39317767202585774
1.2712583655682115
0.4063441164564667
0.8560447537997556
1.3472386873770517
0.8177825333543839
1.3589006555118575
0.77951692961141
1.370557671784313
0.7412599830436806
1.3822331239557477
0.702920917813486
1.3936041781535107
0.6644486637795145
1.4045641942361462
1.4212803980288498
0.18176635528215587
1.4203148912858863
0.22175370952398113
1.419332119957163
0.26163427097595554
1.4072900685075889
0.29970832039492806
1.3900019660972778
0.33569778981899406
1.3678683726243268
0.36912013326105636
0.40925539021719826
0.046268506272669215
0.4323072273990139
0.07905879891163663
0.4548475715882754
0.11210187766477023
0.4859100562928539
0.13773949689312787
0.514824678131911
0.1654467154519673
0.5446177113995448
0.1920776336284974
1.1241668638248037
0.577174146594546
1.1436414938773778
0.5422352443924474
1.1632046752206486
0.5073463686637977
1.1830660636442003
0.4726313233425066
1.2070292217294385
0.44079357652912343
1.2408933672949647
0.4198443804271817
0.7915122367321599
0.24972306084240956
0.7549855925543568
0.2334196610122246
0.7184707877526869
0.21711099456250427
0.6819899187387601
0.20079402337721522
0.645521147671669
0.18445068155501468
0.6090636159464591
0.16808164631258918
1.1981246430060615
0.274080312978773
1.2304682229451567
0.2976155998018527
1.262791377719421
0.3211791478035723
1.294941377935809
0.344977527998274
1.326706665163346
0.3692171885362622
1.360804022214679
0.39000153938019855
1.3930923641788377
0.35110413099212795
1.3571846505113652
0.36916535612107954
1.3206321956079814
0.38629674860579555
1.2835087633671325
0.4013131190549201
1.2472506228516023
0.41786764624577877
1.211545511674717
0.4352896887926916
1.3914876331736172
0.19954590029517452
1.4111050392260442
0.2344078906924803
1.430843799937142
0.2695333397841502
1.4561110952450933
0.3010643794411679
1.4879540677295329
0.325716587229336
1.5228898436561888
0.34549035990073124
0.24840545945818984
-0.28592270733915537
0.20916734705566808
-0.27815285952294433
0.16992923465314655
-0.2703830117067332
0.130691122250625
-0.26261316389052203
0.09145300984810344
-0.25484331607431077
0.05221489744558175
-0.2470734682580995
0.7209229898475582
-0.02155354256103923
0.6833741527907471
-0.035352689654269166
0.6459825839079545
-0.04952007372701255
0.6078934505980185
-0.06169891585113868
0.5691324624861251
-0.07155073696486455
0.5303638513595261
-0.08139913533386152
0.7178281334405722
-0.02974343016356707
0.6821895922917648
-0.011771628333382403
0.6470144979017214
0.00703848821777984
0.6127808707891702
0.027509515030588398
0.5797878263632548
0.04990393213288479
0.5474129933083948
0.07329680176585979
0.18551145708287364
0.0677637752746553
0.2251424243891088
0.07257037752321258
0.26454327129097577
0.07926949672252383
0.30357969547675423
0.08766681513127704
0.3421100012119609
0.09741575279034083
0.3800245043167038
0.11028732367328554
1.2443747143697228
0.42484657770864553
1.205117441514285
0.42908444084719555
1.1665073372950805
0.4399662089482437
1.1314490668889061
0.45900714662788256
1.123333292336585
0.49742614777930766
1.1618540878923032
0.5067268651183497
0.5678675931125777
1.3975416560685798
0.5281398866775825
1.3950196880581838
0.4884168761930857
1.3952528727571396
0.44908972882754544
1.4010912969644729
0.41022724116199755
1.4102784757028315
0.3715502216656627
1.4203887267454864
1.5088516345223097
0.33155007339936393
1.4863541749211775
0.364663489553115
1.463053283526992
0.39720160341359356
1.4407170612643037
0.43030393117791005
1.4183706493667476
0.4634367327287682
1.395483308619705
0.49622419416502933
0.20017885288953974
-0.2459981810544479
0.17891312637624707
-0.2121194432405647
0.15764739986295442
-0.1782407054266815
0.13638167334966186
-0.14436196761279838
0.11511594683636912
-0.11048322979891513
0.09385022032307651
-0.07660449198503184
0.4951375761045813
0.044450258348956155
0.5234129553639264
0.01614680041167923
0.5543074325943014
-0.009320794521647392
0.5869442796149803
-0.03239927411691874
0.6216940174444278
-0.05226093080617366
0.6565702698643332
-0.0718358455928277
0.33899650913921253
1.1388228636195152
0.3781096092524891
1.1301243316922887
0.41508393402821075
1.114848303900984
0.44207496686288683
1.085388903925667
0.4665796508524073
1.0539659935355863
0.49150922661696705
1.0228163879789287
0.5470288789113618
-0.17432050429185747
0.5610295313027984
-0.136841940958974
0.5735045687673235
-0.09880400061964964
0.5843419515197978
-0.06022695034621504
0.5947307485120005
-0.021555888972261027
0.6037730734548409
0.017418004760371135
1.264187784572893
0.4255960945985384
1.304111413907757
0.42537367827999767
1.343693274102148
0.4204191080283347
1.3809812592004107
0.40624706520245923
1.4134897002646596
0.38316575714898743
1.4418099763498868
0.35505383408506486
1.444191524815208
0.3541121110614293
1.4069156063057247
0.36886513649128383
1.37024816233087
0.38511743359911116
1.3332914623411514
0.40073118687242804
1.296110125148459
0.41574621045137417
1.2590012906257346
0.4308510142740369
0.4539410213962861
0.0251007144662113
0.4311657328516699
-0.0077150193908917045
0.40856967263641325
-0.040710848686010256
0.3859507609337024
-0.07369160734583408
0.3630794952773455
-0.10650502629262391
0.3402002643291992
-0.13931569056546345
1.59469205610346
0.5308331745302372
1.6229102394640353
0.5025055340135242
1.6503345231431823
0.4734131597388798
1.6763245221010659
0.4430348205363398
1.7002996411315114
0.41107188513386655
1.7236125832046802
0.3785977657663739
0.659683342914866
-0.02294035341606418
0.6199636596319219
-0.02743948035113451
0.5803709982799243
-0.032015965074108095
0.5406658748147904
-0.03843598221536006
0.5014737390733495
-0.04655554768119031
0.4623269564904216
-0.05478074628928778
0.32619139973632616
0.10090405801730433
0.36427791299190554
0.11356708917130884
0.3985965874292198
0.13425227378870536
0.4198540798823661
0.16820049287262442
0.4319794186092935
0.2063972285060702
0.4423373756721543
0.24505187327837458
0.49564574084551927
0.13692206749363223
0.45678838682642187
0.12804081002734155
0.41778716904642643
0.11911202172116056
0.37852033319195105
0.10930670555506494
0.33911097703588106
0.1007993630597354
0.2995338674410328
0.09475713457014968
0.3769323564118017
0.06551807250305036
0.38279326058933383
0.026179085397051785
0.3884335705884975
-0.013231457458799866
0.3854213482243576
-0.05304421059082993
0.3762350882851142
-0.09195422730196715
0.3652734225576711
-0.13042609769370658
0.47005257787785437
0.004961371376649831
0.4401910579375289
0.03146605066438862
0.4163602637037543
0.06411155017357885
0.38228762644352193
0.08566063845967091
0.3439571943066287
0.09762650162123698
0.3072676977928006
0.11372220556529948
1.560670619695902
0.3507484942342373
1.5308464160162216
0.32434611758276966
1.500435180407324
0.2986059344308265
1.4705223704490344
0.2724309404376905
1.439745287143234
0.24751823757529928
1.4108826217703472
0.22013559687226317
0.40076288005082333
0.0411859732912941
0.36349176551781326
0.05502749796091707
0.3269836996329721
0.07010241709140122
0.2908189436675906
0.0849301217128198
0.25151068318692504
0.08381044227017831
0.21151634897416027
0.08012689305693226
0.5311683481109682
0.07270574585841363
0.5637883708281387
0.04982787972181568
0.6002123019331529
0.03229971317539093
0.6353149361892249
0.012832685803042188
0.6698156486878915
-0.007678803602133533
0.7040521570729878
-0.028620319328176408
1.1115396365384698
0.5403692839008262
1.1380211494084171
0.5103926048969801
1.1643930358341235
0.4805410020049311
1.1940227209347434
0.4540204821628009
1.2285325373787026
0.43382041883208045
1.264052329113415
0.4152733025312521
0.5574495270636918
1.4863728235914793
0.5905631288957238
1.5088115083580644
0.6236905814093728
1.5312580854388123
0.656500109216653
1.554121134007407
0.6888726057713443
1.5775982640013966
0.7207712319555649
1.601724447714616
0.541250534135666
0.01927681445359556
0.5164497967130075
0.05066472095756611
0.49227601859198955
0.08249722461506859
0.4701257790707382
0.11556835406656137
0.43068072042843086
0.12509911519631675
0.39047867660790525
0.1304323521263679
0.8031041712476134
0.20268732787083632
0.7639233361261141
0.19463389375572826
0.7247409815030653
0.18658825397631573
0.685552217751133
0.17857462841395308
0.6463526021068607
0.17063908686970614
0.6071443515492164
0.16274412107820974
0.6481253800431185
0.10120841131055777
0.6096305532589247
0.09033737036441995
0.5710938708750586
0.07946522579801038
0.5320570264169333
0.07023822205403998
0.4932193625702655
0.06095469259275673
0.45376670586808776
0.05446317021275453
1.3423862087814766
0.4185210084735263
1.36693238927104
0.4501469786374948
1.3903912406010988
0.4825671352482965
1.4134713317861158
0.5152418187991785
1.4365311722777907
0.5479259898928119
1.45958447722748
0.5806146967771785
1.1341688134538401
0.4484234708665984
1.1744374175641188
0.44614335973203173
1.2140857910931222
0.43771590208281175
1.2503312137097224
0.4198595409685096
1.28563807910597
0.40091157785706044
1.321878525997139
0.38410545952662134
0.5477710362608486
1.3437216297844674
0.5079374142770656
1.3393117473933156
0.46843645571795123
1.3461094531403903
0.4304790685206846
1.3590295018909768
0.39339721240169107
1.3741901240291452
0.35695181633498446
1.3907315324004121
0.541655345370693
-0.2604965940251889
0.5190581586824659
-0.22749104670904716
0.49647067454138205
-0.19448003354990695
0.473891889970376
-0.1614651431633042
0.45131760368528734
-0.12844693022391562
0.4287618153507484
-0.09541295504937804
0.6319154995252083
-0.1330556385659284
0.6041939326029995
-0.10420020760958262
0.576745153263518
-0.07508329371163792
0.5510279912436077
-0.044221962787300985
0.5273689145600784
-0.011845997656026447
0.5052842016625123
0.021562451144953337
0.4321700329110577
0.11117388915061757
0.3922920900997499
0.10929067746236228
0.35323802512684943
0.1022494157748925
0.3203126732542612
0.08063755145796668
0.2884290048718298
0.057001948352999814
0.2542618550654455
0.03643918578983654
1.2285301470864238
0.2951552152516956
1.1996775246422622
0.3228617406053856
1.170824895704432
0.35056783884880927
1.1419737378423507
0.37827500672622644
1.113123187360483
0.4059823009833253
1.0842709543999187
0.4336872897175052
0.21181401663901522
0.06660073493566115
0.2505082554797082
0.07718375421439562
0.28867480696615955
0.08895427128567882
0.32329223557554004
0.10887605998241204
0.3507604329480607
0.13825372304435649
0.37807852726983265
0.1674750279005729
0.19131281400684988
0.06774162541025418
0.23001598231879344
0.07794263227635688
0.2689316677665347
0.08674980535333326
0.30830132984144376
0.09190875918007083
0.34827424734980283
0.09216862625667423
0.38745865118893674
0.08383934532375792
-0.26296434885302683
0.5551320806399941
-0.29989782751973576
0.5704919493285474
-0.3368210480042818
0.5858510953707966
-0.3734525440274743
0.6018632876731601
-0.40992445303421354
0.618262821406607
-0.4464007192561065
0.6346780868878593
0.5971642257614775
1.3449497795175616
0.5609741068348902
1.327960780913106
0.5257701917725048
1.3089231184636365
0.49036446783106885
1.2901737140719898
0.4543759299973645
1.2725090658765437
0.41741109562328366
1.2571215958667494
0.29482298587143013
0.12439109083724664
0.3341559984364211
0.13156801013415023
0.37366829419248637
0.13688225762802578
0.4131295792713797
0.1315174764783024
0.4486879215889998
0.11353219777263353
0.48316113820610324
0.09326384454687849
0.5937981970787669
0.0677403697970963
0.5560464313325262
0.05522615931425739
0.5168427084825035
0.04723136925786503
0.47811536713264563
0.03798665222496905
0.4398943357392502
0.027061230565963313
0.40799383441668535
0.0025271609704915527
0.43738311131219343
1.152123822491867
0.46775666053639714
1.1261857915837374
0.4981307769076507
1.1001227323020832
0.5293168239052402
1.075033602277003
0.5596338954054587
1.0488393182227758
0.5864307683546518
1.0192312114697952
-0.25918459831756835
0.5776170635348555
-0.29876352460731
0.583405388925444
-0.33833315037786815
0.5891898621808517
-0.377944960472159
0.594681172770451
-0.4175511565287886
0.6002521999758244
-0.4571598738678208
0.6058317675189376
0.5840394284752224
0.02399269269708903
0.5823529759112842
-0.015993073435578414
0.5787561648189188
-0.055878006783894894
0.572641977608499
-0.0952885423657597
0.5698862633342386
-0.13516096052548532
0.5681350005189342
-0.17512137253376842
0.8799609760213063
1.4282750930904138
0.8405360709352997
1.435033960656938
0.8011121327677218
1.4417991403488641
0.761689977819991
1.4485753331327984
0.7222703744642052
1.4553669708408177
0.6828527212217923
1.4621702568248878
1.208351068454378
0.4347445559545378
1.2475849437694457
0.42745796333784736
1.2869711500196117
0.420833865559688
1.3261289182058364
0.4129297558493684
1.3650965700332005
0.40413401354427264
1.4039865017934823
0.3949401750409153
0.25354251783323306
-0.3806398844430683
0.2790324494109931
-0.3498135622708087
0.30452309427249435
-0.31898800329947546
0.33001169910780104
-0.28816096560356114
0.3554958117216426
-0.2573302647377762
0.38097550218669635
-0.22649584578009707
0.6016372147733616
0.14375747383452875
0.6003919330695016
0.10378543407964488
0.5964327041697819
0.0640434674773202
0.5881642904609361
0.024932194250654734
0.579060361259577
-0.013871349574249266
0.5835970671368227
-0.053295465009782224
1.0877640393174772
0.4387219925894192
1.122869000844513
0.41954800823077804
1.157973962371548
0.40037402387213644
1.1930789238985817
0.3812000395134959
1.2281838854256166
0.3620260551548552
1.2632888469526518
0.3428520707962141
0.5422852518853948
0.0017159892154661174
0.5023355482818002
0.004209182283988705
0.4627642220777862
0.010621513800201907
0.4242157076758332
0.022031334633151028
0.3847159930215724
0.029060400873528135
0.3464399352573208
0.040791934620086574
0.3448317287913477
0.009300015488222131
0.3670046711062329
0.04260080906563461
0.3897482936647721
0.07544943472041961
0.4140195022763211
0.1070944506827548
0.44214580438837264
0.13565426422547297
0.4742739870935493
0.15971304456391905
0.7148831160075644
-0.1904753357779652
0.6802252604087416
-0.17050450140870113
0.6455714336884308
-0.15052690303692737
0.6109387831592484
-0.13051309293683788
0.5763613417083427
-0.11043120598796786
0.5418054475829641
-0.09029013228984772
0.4474358840752519
1.2632165810302758
0.4821448967731954
1.2830210784262837
0.5165776844176729
1.3029246062758337
0.5512135084768359
1.3223567374289713
0.5864941318699731
1.3402331757713988
0.6225703367172362
1.3552823637745508
0.2532848718891529
-0.24948526288838682
0.21328861639387212
-0.24893795460577475
0.1732923608985913
-0.24839064632316266
0.13329610540331052
-0.24784333804055056
0.09329984990802957
-0.24729602975793852
0.0533035944127487
-0.24674872147532648
0.4299492853203138
0.017244964157160942
0.40661637865304723
-0.015304378651960469
0.38328525277342984
-0.047848633034576614
0.3599727526820813
-0.08035303313634333
0.33666334757991223
-0.1128593100315748
0.3133551762831168
-0.14536659981563202
0.16891037947085003
0.15980521453535712
0.20643430275613842
0.14595064139624928
0.24395268970844644
0.1320809395007839
0.28145057597693723
0.11815657708887195
0.31913032498680977
0.1044445184391694
0.3576465857682644
0.09298028312698224
0.4030340622984593
0.034564873456710415
0.43164824511382205
0.06255130612048015
0.46129178461665965
0.0896197296685187
0.489959660414292
0.11738406770522514
0.5080947210501929
0.1527043747391243
0.531240264334881
0.18512859786319005
0.3680242030443234
-0.09539712938298574
0.3949234308669341
-0.0657783053121346
0.4234709024480226
-0.037716303620062924
0.45432046496056866
-0.012211449210204837
0.48804930825630244
0.009331068419716235
0.5244357039910801
0.026005327889642032
1.5802622784532012
0.5269683000626002
1.5556086166332406
0.49541603382591065
1.5293422654908428
0.4651854496870711
1.4997185805832685
0.43815126716408137
1.4691302995367377
0.41220109425306817
1.4384159709085638
0.3864996426448813
-0.46476710421837847
0.6007023540552434
-0.424882412732895
0.5976663030900075
-0.3849814873607752
0.5946348128371214
-0.3450762165089381
0.5913173057332778
-0.30522815887801846
0.5874954812933254
-0.2654123452413603
0.5836067023338961
0.552600557519302
1.443100760673547
0.5125099919746812
1.4433571304467931
0.47241254584696757
1.444823230139202
0.4324286720002192
1.4479091119971808
0.3924815380176473
1.4507561772884492
0.3525451749038462
1.453328786621829
0.6032659477287343
0.23223689953280438
0.5713725053105899
0.20809684666850115
0.5395233014092581
0.1840216304174536
0.5073037927303106
0.1609301885065734
0.47277067618234336
0.1419219994309036
0.44052563148506324
0.11825539501862645
0.4152067449583227
0.12564118304894797
0.453217285285558
0.1369353528476072
0.49118573478033645
0.14882046376276806
0.5289097138246489
0.163016629623482
0.5671147039691262
0.17559208797644346
0.6051342078584772
0.18811511114044124
0.6633520552198803
1.4521717885388619
0.697438807282114
1.4312336181919254
0.7314772430767443
1.410248137107355
0.7655275734295087
1.3892721824901735
0.7995845205015645
1.3683030440547304
0.8336288019187
1.3473053497288454
1.1011429754344448
0.608564730673265
1.1224241689058008
0.574695853141933
1.1435883913590457
0.5407542257454299
1.1643279784107645
0.5065434909553441
1.1844477616714204
0.4714828702869529
1.2037433482703752
0.43596276363688263
0.40414909099271246
1.1830317806882373
0.44114903205898315
1.1677936988567645
0.47717955393849926
1.1504351941364168
0.5095105767888872
1.1271775552369583
0.5409388312960367
1.1026261594886986
0.5724841635722134
1.0782007526266648
0.6769824447041615
1.6809567981068636
0.6502928627636072
1.6511629521065185
0.6236112371982706
1.6213617682111925
0.596963502782818
1.5915306818283133
0.5704638033321092
1.561552834254602
0.5441606352149171
1.5314127514397258
0.2198441612476601
0.01875561101882064
0.25883166592581297
0.009813379492271209
0.29781177382463475
0.0008624903672837026
0.33755278773107134
-0.0011506635643614256
0.3736032694200313
0.015445233519745204
0.397012492524638
0.047543678914941115
0.17184632337902941
0.03291014460022073
0.21118345046250053
0.02498986290299131
0.2496862660786673
0.012865059487709133
0.2886077540430769
0.002380516824266021
0.32811669427237017
-0.004638806205016858
0.3674983261106451
-0.011651267962125364
0.5895024240400434
0.08235210993292633
0.6150795083984539
0.11313045304615967
0.6416206336787138
0.14307908191513818
0.6699938275473495
0.17131421657772986
0.6998901073118082
0.19794233003483877
0.7304256123200747
0.22382826711183948
0.7164994756491088
1.3821006033120589
0.7558623621855834
1.374988419675596
0.7951666331042436
1.3675318086540242
0.8344354300946036
1.3599139690454412
0.8736946806557873
1.3522506630456093
0.9129513871152257
1.3445748886053155
1.6657390557409668
0.4409871497510377
1.6347530217322301
0.4158088448267723
1.6023870908473699
0.39250587800803066
1.5691781483420408
0.37066035711616135
1.5370791962823698
0.346490112369956
1.5048702679655122
0.322328356584671
1.5102551413250815
0.40290081632202523
1.4704270079613821
0.40660614766887226
1.4305814200454898
0.41031918259606565
1.390800326004649
0.4145999421751497
1.3512033386836524
0.41994891202451046
1.3115937491977336
0.42546476084213797
0.6384227654529275
-0.0906188400594746
0.6073631714662286
-0.11581911279963777
0.5765487703442413
-0.14131441927923732
0.5466950056190097
-0.16791773145222105
0.5171169100043012
-0.19484523037618764
0.48762433918132564
-0.22186696167407188
0.33877160243330345
1.3317397376616213
0.37690569044686456
1.31927829059966
0.4158243437972407
1.3099557669031232
0.4556600604840677
1.3091663077629787
0.49418359336512735
1.3196563967345476
0.531904607509413
1.3330567846888752
0.4394036779288048
0.02120642349306949
0.4044846836056698
0.04026822855550737
0.36604677479720893
0.05152715626985238
0.3272013464402078
0.061962359818610285
0.28868813454711884
0.07372033346526705
0.2498998609320504
0.0849128959365018
0.37858721548416446
0.12609307145334162
0.41568818771993865
0.1407637505506404
0.45329226835603925
0.15379617813074611
0.49182120088063513
0.16395250326965605
0.5300485546775348
0.17525624291784372
0.5681326899195422
0.1875991937525635
0.5431465394068234
-0.13392167185084278
0.5087643756738714
-0.15436260055111306
0.4743827430766196
-0.1748043723943876
0.44000017297499255
-0.19524432845843612
0.4056164163229112
-0.21568245520641754
0.37123227662144376
-0.23612011903265145
0.4083108325291514
0.08222992963020952
0.43971780725356013
0.10677271913742287
0.47123219877103845
0.13135156075058171
0.5040894571232358
0.15577270514556069
0.5339019586398553
0.1830379440093696
0.5617166147562856
0.21182938909190469
0.24080975115782965
0.02136626321016814
0.20124095396020325
0.0272239062438483
0.16165968350797702
0.03303463345083214
0.12219964866482919
0.03950772478897344
0.08274686053712202
0.046081694665746076
0.04328870768209767
0.05264216940958422
0.6949995079830599
1.7021093511483127
0.6684090487559838
1.672227048875244
0.6418318017345951
1.642332837407775
0.6153035983687373
1.612395004864505
0.5888835630438162
1.5823671900204563
0.5616070923629684
1.5531059338686244
0.1819629789678795
0.09405622021454518
0.22089034063099838
0.10365605114023771
0.2597697374401842
0.11346483884018246
0.29856328113556574
0.12373599895061657
0.3378074525015808
0.13217214826213655
0.3775577921209792
0.13704413618358058
0.5984217208799664
1.4558131751757137
0.6374015161060311
1.446838192002584
0.6763503440143851
1.4378738254938697
0.7150374516541322
1.4277613601996484
0.7537237872039344
1.4175941562146193
0.7924060834531208
1.4074116084429036
1.2055644436871351
0.4429303784752252
1.2435721068699037
0.4301523880808196
1.2814713501883723
0.41720483463890495
1.3193234791429085
0.4041592410772215
1.3572021816837112
0.3912196309742867
1.3950557814598934
0.3782913640742262
0.9718943473276036
0.5132516682097625
1.0060694731429631
0.4924655965389487
1.040244598958325
0.4716795248681326
1.074419724773686
0.4508934531973176
1.1085948505890464
0.4301073815265024
1.142769976404407
0.4093213098556882
0.2794209996536056
0.11592332949258853
0.3183304856071841
0.12557313018380745
0.3579613494955905
0.13102066428250206
0.3979322628879639
0.12981535537500488
0.4351981357084692
0.11591944064972375
0.4716306970165675
0.09956687395327339
0.33423302278387895
-0.04774907134176533
0.36705432497281376
-0.02488398160554549
0.3999358438110626
-0.0019910521124150682
0.4338535177551371
0.019234204649779308
0.4714187104521091
0.033036747165478254
0.5091456414488936
0.0465823645034724
0.3783152786467518
-0.019587554201131927
0.33958527353916834
-0.009496536906998095
0.30141805367988433
0.002239875921094232
0.26333368372425364
0.013397623302944887
0.22502430355172182
0.02366521005376638
0.18905232537596475
0.04070783143933354
0.4541396211086485
-0.047760447082322244
0.4942457881942459
-0.04720481930768586
0.5343344621609445
-0.04610810586351424
0.5741733596373819
-0.041905241600377265
0.6115788181404134
-0.027382492011129897
0.6482672806651057
-0.011370806607298285
0.7006104569830045
0.14439374367976843
0.6618431587535584
0.15424914691371905
0.6230315272500712
0.16411870161004274
0.5847220236547789
0.17573930854924175
0.5471356811722444
0.1895206519479155
0.5096089332090857
0.203392712355175
-0.27120618700105437
0.5467068272036398
-0.3105146431223497
0.5393009669674181
-0.3498197689631021
0.5318766862962354
-0.3891100028572001
0.5243909174222986
-0.4283306232270791
0.516746391618735
-0.46765632911624416
0.5097724610866226
1.5305423034532721
0.18553222012237452
1.5084349226917373
0.21877321858533488
1.4830990578693553
0.24960166890327348
1.452366011987828
0.27501409097728485
1.4177470957027505
0.2951411623845309
1.3827949563813848
0.3146612340853311
0.3399511489331931
0.07252772168362724
0.3029808120350368
0.05739065846436785
0.2652209671690861
0.04466643873663357
0.22617031386594122
0.0376244091894432
0.1887542327151239
0.024075114984423277
0.151168246963211
0.010394732417501882
1.556074811919309
0.3463073651953053
1.5594234935334734
0.38635758015257377
1.553443996892303
0.4260181964049846
1.5331425820423237
0.46064058931462865
1.5120295381097801
0.49470791270041137
1.490969211383371
0.5287155426896404
0.4822982725818731
0.15403698556295606
0.4436187637967456
0.14451884144468805
0.4049119335352851
0.1361623512677726
0.36544495162828466
0.1349707146660592
0.32632399652817107
0.1310467551581695
0.3037280096726103
0.09900156269681505
1.1405450333494456
0.3551070503119084
1.1050395463824305
0.3735287873427947
1.0695340594154161
0.39195052437368116
1.0340285724484009
0.41037226140456784
0.9985230854813861
0.428793998435454
0.9630175985143704
0.447215735466341
0.5424392133831579
1.3848277759527785
0.5817564438233919
1.3930300132496445
0.6214293542970524
1.3995755397923118
0.6615226838287451
1.4007478151339776
0.7015842370615312
1.399328332728727
0.7415353368663306
1.3969956803250458
0.2605187724432555
-0.013449662242628222
0.22338155983997435
-0.028309926037685285
0.18624434723669298
-0.043170189832742366
0.1491071346334115
-0.05803045362779952
0.11196992203013031
-0.07289071742285645
0.07483270942684919
-0.08775098121791357
0.6701978476181759
0.21405511317916498
0.6322458537033594
0.20142025625821064
0.5942874560804401
0.18880732391461175
0.5563620960032911
0.1762855292804114
0.5186387960118249
0.16352482892074643
0.48133181326336666
0.14895986563998212
0.26155328171289893
0.09532862675877662
0.22432249276328184
0.08083560881908453
0.1864270800835289
0.06748403897401781
0.148726355937223
0.05390936432669264
0.1110810570516787
0.04034761667781228
0.07345550488453365
0.026770614983550597
1.7217428939598418
0.3446605636001946
1.6997838306194488
0.37809426950032965
1.6780602166310956
0.41166135473003446
1.6582061110365112
0.4463394580678055
1.6372839077889068
0.4804225631805474
1.6159619074288551
0.5142608724849067
0.6409241993198324
1.0713611946287525
0.6034877091030828
1.0854521567858797
0.56600010196702
1.0995647035607337
0.5283109112934546
1.113193395747387
0.4901545278873148
1.1255166592244281
0.4520736411919798
1.137736458658808
0.36639654488804624
1.1264755077619966
0.40358871700824417
1.1116904124408755
0.4402342778012275
1.0953994998132808
0.47783019096893686
1.0810356222524504
0.514723382866493
1.0650599431366987
0.5500977783796702
1.0461329775217445
0.4828380640299649
1.1004740813638798
0.5178450827827175
1.0810809972852402
0.5511402231483357
1.0588304170505034
0.5798336092163888
1.0310086813179575
0.6067831670780753
1.0014008940643906
0.6340280912785737
0.9720459802290319
1.6474578151035375
0.5237035973661536
1.6689140018562045
0.48994522834053983
1.6903634183303997
0.45618286115293893
1.7118006319959516
0.4224111050059787
1.7334669178030246
0.38877119736020216
1.7553941617966893
0.355309064031543
0.6112818315450537
1.055018615136244
0.5771814510465207
1.075917541355363
0.5423079677183409
1.0955539157329914
0.5065863204191977
1.1136112072308078
0.4698627689740788
1.1294371031584591
0.43164198540359155
1.1411167401420905
0.5537910931952436
1.3617641392935018
0.5923872015351602
1.3725210692947183
0.6313082442846222
1.3820307154497442
0.6704153173461029
1.3907436208414008
0.7096058238563444
1.3989588485928866
0.7487467206786107
1.407261513658123
0.39045331942006173
-0.06894927275135343
0.4284377188900893
-0.05648925597803397
0.4667323271460629
-0.04512138463530513
0.5057254550113891
-0.03691102799192211
0.5455474005716152
-0.0360311532439545
0.5842992677666892
-0.04381656961219136
0.1790037485148386
0.09474164173183848
0.21877739361758125
0.09137337441998923
0.25865646962729305
0.0908465081872764
0.29814325564749433
0.09594081972414023
0.33599248329085096
0.10854753482532789
0.3646827834863823
0.13648493455204522
1.2422052240817882
0.4189784975673601
1.2798928243040737
0.4055128318754749
1.3156484435442348
0.3875846902746652
1.349510206872706
0.3670106317837746
1.3837929482845026
0.34750118246321543
1.4185451714761381
0.3277049676411765
1.5345043106455392
0.5752830513497047
1.5609695870507079
0.5452942469448969
1.5873289986404175
0.5152690219931026
1.6118496889900136
0.4837593131666486
1.6346589448901299
0.4509892219675733
1.6568131810509836
0.4177215043682366
1.4916236252001278
0.35881976540512245
1.452618071557693
0.3674937160086976
1.4137486246568984
0.37673973819179263
1.3751436099227805
0.387129791173469
1.3366927178049832
0.3980989446007987
1.2982188563021673
0.4090418015295886
0.35610665585481815
0.08009059056449223
0.3173308628534759
0.07012744795197116
0.2786090128225369
0.05896302688393338
0.2403354415286263
0.04625140784804688
0.20162013471192328
0.03506744529759235
0.1618139957764757
0.031814210249316445
0.7491057378790142
0.1802363668501136
0.7103807411660124
0.17021794710619237
0.6716507607781759
0.16021998518539943
0.6329200815000616
0.15028521311482243
0.5941817211866004
0.1404047113725668
0.5554212248975613
0.13052508249386843
1.3705725410075675
0.5135300465576877
1.3934513640589594
0.48071897139142405
1.416281863261758
0.44787446640753864
1.4386345735583714
0.4147315118392118
1.4618311229727594
0.38214388621866074
1.4856273890817155
0.3499725361100905
0.6798035489831276
-0.11062912999059846
0.6403331871527896
-0.1171164276850874
0.6008700824938644
-0.12360017985876427
0.561162015033944
-0.12834877343786877
0.5213659758018343
-0.13230789880355306
0.48153983376594545
-0.13598965150031964
1.4444692505547412
0.30175854657514134
1.4782606642537863
0.28049572731969047
1.5104970966191855
0.2569437821897932
1.538551666456545
0.2285545020252005
1.559871538481903
0.19476729286918734
1.576688681165735
0.15851263790714779
0.38089442299296233
-0.15154132633028264
0.4163268440904089
-0.1329795584608686
0.45176019639121323
-0.11442027732612768
0.48718418918137846
-0.09584243868170325
0.5226038318454054
-0.07725636517149341
0.5580220341311514
-0.05866750290151648
0.4563501645334169
1.1145112672499777
0.49350574485051435
1.0998086320649596
0.5294895892777255
1.0825705422804404
0.5630453389286733
1.060992970569975
0.5927220480697738
1.03447376196217
0.6225518537124891
1.0078273897309464
0.44577516711781373
0.646662996418572
0.9319213181706202
0.10973668270247346
0.8716262278523516
0.9425275065208161
0.7889977511422603
0.2953851501747263
0.7791658054758163
0.32638277111959835
0.6497800604104945
0.7824413389875134
0.34947105620534386
0.7032157905920263
0.7542772688332252
0.9489387345138474
0.41921420535433457
0.9995686721674573
0.46296153508347315
0.6422930372231407
1.0110774986857656
0.5982722899236259
0.9343543813668285
0.35934498317636177
0.33851798556138757
0.2308992255664516
0.9549434249072527
0.9954161297377038
0.3110659271828887
0.8344966469667506
0.6052084078562997
0.9035898297657038
0.981858613781714
0.6482400021193655
0.15570894313390468
0.2023261757409762
0.7578314107029341
0.2107144120656584
0.6769519808320451
0.07921171989063817
0.6769526183408789
0.3030905445323354
0.8929832102195029
0.6955249369708909
0.18164067266469536
0.7854261419704465
0.3866131714569701
0.9084880865586181
0.6579258061689458
0.8984793862575355
0.1272525641295718
0.4032343069295448
0.5939914080829505
0.37651477522084054
0.8000000148749083
0.4555081236790843
0.3930079425929516
0.7662481665152928
0.8795433638977859
0.7878673117906442
